 1.00000000e+01 0.00000000e+00 1.53915120e-01 -1.08870059e+00 -1.02683880e+00 8.09813108e-01 5.13528314e-01 0.00000000e+00 -8.22181921e-01 0.00000000e+00
 0.00000000e+00 1.01819682e+01 4.21788937e-01 4.78122800e-01 7.23214801e-01 8.77856886e-01 -7.26283426e-01 0.00000000e+00 -9.13721045e-01 1.61927964e-01
 1.53915120e-01 4.21788937e-01 1.00000000e+01 -5.18459759e-01 9.09346492e-01 2.88569120e-01 -9.09321860e-01 1.61645327e+00 -2.00197537e+00 9.62634363e-01
 -1.08870059e+00 4.78122800e-01 -5.18459759e-01 1.02689390e+01 8.16819038e-01 6.47951646e-01 4.96826328e-01 2.80250693e-01 1.07661131e+00 8.51922925e-01
 -1.02683880e+00 7.23214801e-01 9.09346492e-01 8.16819038e-01 1.05764037e+01 -3.29146800e-01 9.66642756e-01 -4.74852841e-02 1.13835995e+00 1.17233576e+00
 8.09813108e-01 8.77856886e-01 2.88569120e-01 6.47951646e-01 -3.29146800e-01 1.08811312e+01 -5.09103599e-01 6.10932879e-01 -2.68920140e+00 1.56238774e+00
 5.13528314e-01 -7.26283426e-01 -9.09321860e-01 4.96826328e-01 9.66642756e-01 -5.09103599e-01 9.73234655e+00 2.38158180e+00 -2.81219494e-02 -4.92987512e-01
 0.00000000e+00 0.00000000e+00 1.61645327e+00 2.80250693e-01 -4.74852841e-02 6.10932879e-01 2.38158180e+00 1.07053929e+01 4.93789550e-01 -1.19586059e+00
 -8.22181921e-01 -9.13721045e-01 -2.00197537e+00 1.07661131e+00 1.13835995e+00 -2.68920140e+00 -2.81219494e-02 4.93789550e-01 1.09345577e+01 -5.72854733e-02
 0.00000000e+00 1.61927964e-01 9.62634363e-01 8.51922925e-01 1.17233576e+00 1.56238774e+00 -4.92987512e-01 -1.19586059e+00 -5.72854733e-02 9.62875791e+00
