 1.49749173e+02 -4.63139252e-01 -8.91447272e-01 -1.51586960e+00 1.23259944e+00 1.28451056e+00 2.35229531e-01 3.66964797e-01 7.89576462e-01 0.00000000e+00 6.68361372e-01 -1.48220333e-01 -7.81148246e-02 5.33079321e-01 0.00000000e+00 -1.92795217e-01 -1.29178278e-01 -2.15802101e-01 1.91785263e+00 2.21804797e+00 1.48061260e+00 3.15899021e-01 -1.82851830e-01 -1.36869151e-01 1.31007347e+00 1.16865017e+00 -1.44510854e+00 7.84420457e-01 -1.48429313e+00 4.02688195e-01 1.21848869e+00 3.76287384e-01 -4.55045169e-01 -2.26382174e+00 -1.63282417e+00 6.54892748e-01 -3.38165241e-01 0.00000000e+00 1.38419928e-01 4.76020036e-01 -7.02272397e-01 1.24791779e-01 0.00000000e+00 0.00000000e+00 -3.71617047e-01 9.48141752e-01 -8.63933804e-01 3.35327160e-01 -1.71542145e+00 4.61231816e-01 4.67614528e-01 2.13195460e+00 -5.28790517e-01 -5.44576062e-01 3.68911343e-01 9.58005389e-02 -3.23636521e-01 8.20750391e-01 3.11690754e-01 -6.82988502e-01 -9.45074015e-01 -7.66563758e-01 0.00000000e+00 -1.47745278e+00 1.88213042e+00 0.00000000e+00 -5.59488695e-01 0.00000000e+00 8.73641836e-01 -1.71394489e+00 0.00000000e+00 8.12791436e-01 8.67705521e-01 2.61388916e+00 8.77832676e-01 4.99242710e-01 1.19219868e+00 5.54020323e-01 0.00000000e+00 1.95430111e+00 0.00000000e+00 8.62949740e-01 -1.44334162e+00 1.28265561e+00 8.82901361e-01 8.95596882e-01 2.12557797e+00 -1.93404119e+00 5.33410033e-01 -1.25382169e+00 0.00000000e+00 2.07276373e+00 1.33827716e+00 -1.47854474e+00 1.33332565e+00 5.02752767e-01 1.78773100e-01 -6.00895742e-01 7.73195643e-01 -1.39422654e+00 -7.01131385e-01 1.15989885e+00 3.11084931e-01 -6.47773505e-01 -1.49580670e-01 5.72846390e-02 1.57978826e+00 0.00000000e+00 4.24323499e-01 7.79290091e-01 -1.41884389e+00 2.20985556e-01 1.65997767e+00 -1.81999806e+00 0.00000000e+00 -1.15950312e+00 -7.02866446e-01 -5.05244930e-01 -1.15860664e+00 1.77384948e-01 2.64552715e-01 1.24889327e+00 -2.04465643e+00 -8.37910702e-01 1.67473058e+00 1.10489184e+00 1.38162022e-01 2.38013109e-01 0.00000000e+00 -1.76804214e-01 -6.81893752e-02 4.59971753e-01 -7.28953784e-01 -7.88941994e-01 4.61784085e-02 1.95760062e-01 -7.32053557e-01 -4.15924590e-01 -2.45137932e+00 5.36414734e-01 -1.15548562e+00 -6.36694472e-01 4.54883511e-01 -6.59015322e-01 1.61045016e+00 -4.16358995e-01 -1.97506065e+00 2.03014423e-01 -7.06089014e-01 0.00000000e+00
 -4.63139252e-01 1.51056052e+02 -4.56245216e-01 6.68334866e-02 8.37388068e-01 0.00000000e+00 5.78131261e-01 -1.13716866e+00 -3.57520468e-01 1.23919800e+00 0.00000000e+00 1.50998415e-01 1.38754172e+00 -7.18469739e-01 -1.66302680e+00 1.41220126e+00 6.51458070e-02 7.35144223e-01 -3.02730268e-01 -6.36818304e-01 0.00000000e+00 8.70195456e-01 1.17669346e+00 8.18092297e-02 -2.35569537e-01 -1.06936563e+00 -1.23192447e+00 -6.28176508e-01 -5.74520944e-01 -3.29129451e-01 1.03495232e+00 -6.79756258e-01 -7.01545040e-01 -4.84114296e-01 -6.36418038e-01 0.00000000e+00 7.66606498e-01 4.80384915e-01 -1.13819395e+00 -1.41644150e+00 8.84791433e-01 7.58772659e-01 1.40635847e+00 2.88314851e-01 -1.01066060e+00 5.31550512e-01 1.23964646e-01 -2.05678247e-01 -5.92384157e-01 1.12306385e+00 6.27924619e-01 1.95722499e+00 0.00000000e+00 4.26778902e-01 -6.44752999e-01 -9.21190346e-01 1.19850042e+00 8.33381668e-01 7.62985118e-01 2.18424374e-01 2.63486982e-01 -5.95403127e-01 -8.59342076e-01 1.66009231e+00 -5.29248741e-02 8.88378209e-01 -4.65524776e-01 -9.17739452e-02 -1.78269167e-01 1.07562681e+00 -4.94288142e-02 7.18909119e-01 6.43562834e-02 0.00000000e+00 1.11656972e+00 -1.58948861e-01 -2.44361272e+00 1.92740069e-02 4.72290788e-01 -1.48859925e+00 -3.83792330e-01 -6.20631444e-01 1.55868830e-01 1.13666174e+00 -4.66734121e-01 -7.61147617e-01 0.00000000e+00 0.00000000e+00 2.99639406e-01 0.00000000e+00 -1.70567372e-01 2.56449290e-02 0.00000000e+00 -7.75125655e-02 1.78578352e-01 -1.55562933e+00 -5.91286172e-01 -1.13045733e-01 -3.54419855e-01 2.55187310e-01 0.00000000e+00 2.47546816e-01 -3.17208435e-01 -1.21663749e-01 1.23415994e+00 -1.85295675e+00 -2.44843609e-01 5.37360094e-01 4.63317013e-01 2.84756310e+00 -1.17176230e+00 1.14412229e+00 -2.11879274e-01 -5.29290980e-02 -1.00662185e+00 -1.22808448e+00 -4.15501995e-01 0.00000000e+00 -6.94736209e-01 -1.20413863e-01 -5.15183767e-01 9.99238788e-02 1.15912450e+00 5.58358196e-01 -7.08116500e-01 1.63441715e-01 7.60392221e-02 9.19483975e-01 0.00000000e+00 1.72743875e+00 -7.73843423e-01 0.00000000e+00 -2.01284022e+00 0.00000000e+00 1.91356810e+00 3.20711969e-01 2.13163399e-01 6.80677711e-01 6.98845619e-01 -5.92409642e-01 0.00000000e+00 8.13247917e-01 -7.63007466e-01 -8.79362520e-01 0.00000000e+00 1.29049495e+00 -1.59977174e+00 7.90355374e-01 -4.23731982e-02 1.45902805e+00
 -8.91447272e-01 -4.56245216e-01 1.50062844e+02 0.00000000e+00 1.30882648e-01 2.55727560e-01 -3.25419456e-01 5.92595709e-01 1.46773964e+00 -1.30763592e+00 -1.36909730e+00 -3.60442674e-01 1.16722964e+00 -3.17785258e-01 2.47278003e-01 7.07868976e-02 0.00000000e+00 1.19399417e+00 -4.88447002e-01 4.75511669e-01 -4.31040251e-01 5.87088023e-01 -4.03562619e-01 1.04361252e+00 -2.45647004e+00 4.82021211e-01 1.18269556e+00 5.61686371e-03 -1.60626125e+00 -6.86931030e-01 2.68396644e-01 3.96405544e-01 -1.40288340e+00 1.71928869e-01 4.29821706e-01 4.94154096e-01 1.20608382e+00 -3.85498877e-01 -4.46688977e-01 -5.18530884e-01 0.00000000e+00 -2.79246294e-01 -6.36890829e-01 -4.31003752e-01 8.00401526e-01 0.00000000e+00 0.00000000e+00 -1.65902253e-01 -1.73209200e+00 7.94538714e-01 -4.52112309e-01 -8.52243670e-01 4.28105170e-01 4.21229058e-01 -8.23389887e-01 6.61296979e-01 7.63053168e-01 -6.88799153e-01 -1.81199182e-01 3.64373838e-01 -1.23014917e+00 1.10223859e+00 -3.57599646e-01 4.05000639e-01 0.00000000e+00 0.00000000e+00 5.50696902e-01 9.87824174e-01 -1.06380826e+00 -1.06934606e-01 9.54485326e-01 -2.22842165e-01 8.28670734e-01 7.13077381e-01 -1.37407406e+00 1.15471583e+00 -1.72014283e-01 6.19976638e-01 -9.07635151e-01 -1.36792645e+00 1.89870423e-01 0.00000000e+00 -1.67117095e+00 -7.03653860e-01 5.49870457e-01 -9.75911580e-01 4.68523545e-01 -1.71416927e+00 0.00000000e+00 5.16540962e-01 -7.32109775e-01 1.03547534e+00 -6.01319829e-01 5.39717151e-01 1.50445472e-01 -1.23863803e-01 1.36251338e+00 9.18808700e-01 -1.38436984e+00 8.37288054e-01 -6.95987223e-01 -3.59245418e-01 -1.31616017e+00 1.26919235e+00 -1.34523237e+00 8.03701520e-01 3.48546999e-02 2.55956158e-01 -1.39823433e+00 -1.13315576e+00 7.46649623e-01 1.12807352e+00 1.00455112e+00 3.77070086e-01 -9.92773304e-01 -5.86694106e-01 -3.80425556e-01 -4.11456231e-01 -7.75060017e-01 9.17349989e-01 4.39601729e-01 7.59788636e-01 1.64225161e+00 -4.91025095e-01 8.16024628e-01 7.59528117e-01 -6.43019568e-01 1.13936162e+00 -4.21447938e-01 -1.32325715e-02 0.00000000e+00 1.35747192e+00 -1.45313822e+00 8.83069677e-01 3.81493414e-01 1.50157012e+00 0.00000000e+00 5.25778139e-01 -7.61014996e-02 -1.51906005e+00 -6.79453195e-02 1.28388133e+00 0.00000000e+00 2.95118633e+00 1.28311166e+00 -4.74387090e-01 -2.08311832e+00 1.14950338e+00 6.53887062e-01 -1.79246907e+00
 -1.51586960e+00 6.68334866e-02 0.00000000e+00 1.47610867e+02 -8.84311224e-02 -2.54748277e-01 -1.46320595e-01 6.65059853e-01 0.00000000e+00 -1.44460204e+00 3.35391248e-01 -2.17152817e-01 6.10502403e-01 -1.17231264e+00 -8.12825315e-01 4.38475374e-01 8.37161197e-01 -2.08998233e+00 7.21887995e-01 5.69841387e-01 0.00000000e+00 -2.47100516e-01 0.00000000e+00 -6.90724041e-01 9.46766388e-01 1.06103618e+00 0.00000000e+00 2.48194858e-01 1.18113254e+00 7.47499954e-01 -3.98954934e-01 4.91054522e-01 3.74545716e-01 -3.14450819e-01 7.99140970e-01 9.92815702e-01 3.38170370e-01 1.42381813e+00 -7.45951180e-01 -7.35638099e-01 1.53554512e+00 -1.53262490e-01 6.14133495e-01 -2.41844988e-01 9.17195205e-02 -1.11979200e+00 -1.93299787e+00 0.00000000e+00 5.06418819e-01 -1.09392827e+00 -1.67822095e+00 0.00000000e+00 -3.37735058e-01 -2.31782215e-01 -1.36844842e+00 -6.44894971e-01 -6.31400852e-01 2.04855804e-01 1.24273826e+00 -1.65800600e+00 1.80824851e+00 2.90410065e-02 1.01352899e+00 0.00000000e+00 1.53411693e-01 8.41971011e-01 0.00000000e+00 0.00000000e+00 4.84359210e-01 0.00000000e+00 -1.27101036e+00 0.00000000e+00 1.25744373e+00 -2.20059951e-01 2.50032445e-01 8.28551243e-01 5.50089564e-01 3.66827049e-01 3.88551845e-01 4.33283063e-01 -8.47022240e-01 0.00000000e+00 1.27087834e+00 0.00000000e+00 2.80583042e-01 -1.03933730e+00 1.85953847e+00 9.88836099e-01 -4.91517254e-01 -5.80839149e-01 0.00000000e+00 -7.19250507e-01 1.75921162e-01 4.73172454e-01 4.07500677e-02 -3.87888633e-01 8.81011268e-02 1.58427644e+00 -1.82905351e+00 -6.99295969e-01 -3.96686576e-01 -1.31932433e+00 1.78865587e+00 2.28918332e-01 3.42722492e-02 8.59847054e-01 -9.66397167e-01 -1.15073251e-01 -1.73140865e-01 7.03375193e-01 4.31220396e-03 5.22043774e-01 1.11332648e+00 2.05045034e+00 0.00000000e+00 4.74260837e-01 1.72287597e+00 -8.36228280e-01 -3.61129360e-01 -4.12997011e-01 1.81239933e-01 -3.74226612e-01 1.35935216e+00 -6.51334744e-01 1.32349832e+00 1.25326826e+00 1.52312520e-02 -4.68949218e-01 9.74647670e-01 0.00000000e+00 8.04225803e-01 -9.76119705e-01 -1.19098867e-01 -2.17588789e-01 0.00000000e+00 -1.11734658e+00 -2.37875735e+00 -5.09961469e-02 -4.04313577e-02 1.35427105e+00 2.58828888e-01 -3.42821453e-01 1.52500616e+00 -1.79105643e-01 8.55173717e-03 8.13668380e-01 1.46870518e-01 1.36376035e-01 2.57966248e+00 -2.09082738e+00
 1.23259944e+00 8.37388068e-01 1.30882648e-01 -8.84311224e-02 1.49560651e+02 -1.90744264e-01 -7.64125395e-01 8.38480932e-01 6.14094158e-02 0.00000000e+00 1.09370455e+00 2.77193704e-01 -9.02098309e-01 -1.09478397e+00 -8.86491251e-01 2.74145365e-01 -3.30735731e-01 -1.11892238e+00 -4.16633088e-01 6.91350950e-01 -8.80675466e-01 -4.73969232e-01 0.00000000e+00 -9.28500292e-01 7.79898178e-01 -2.09114705e-01 -1.84342086e+00 -3.43347133e-01 -2.45399558e+00 5.99946326e-01 4.85162675e-01 -1.37723135e-01 1.68507756e+00 1.08006891e+00 -4.70063000e-01 -5.30399896e-01 -1.83151797e+00 3.80508913e-01 4.71915437e-01 9.55350012e-02 1.88643216e+00 7.18866444e-01 -5.18913969e-01 1.13528934e+00 1.24606062e+00 9.95271591e-01 8.95585709e-01 -1.27693293e+00 -1.33028803e-01 3.76745100e-02 1.23017617e+00 1.70318551e+00 -7.01214556e-01 5.09164894e-01 2.18344379e-01 -1.48764240e+00 1.46698788e+00 8.20793779e-01 3.99844684e-01 -1.09969992e+00 1.25685620e-02 -1.34371375e+00 -6.32290294e-01 8.85796257e-01 -4.60113802e-01 9.27139764e-01 -7.79453082e-01 7.79828225e-01 -7.89906655e-01 8.69940252e-01 9.42337653e-01 1.42810122e+00 -1.92060146e+00 1.50289379e+00 3.55958302e-02 1.08356722e+00 -8.64110709e-01 0.00000000e+00 1.01209247e-01 -1.16596877e+00 1.62893990e+00 -9.56316440e-01 1.20725379e+00 -3.62454624e-01 -1.64994181e+00 6.74099887e-01 1.16482498e+00 -5.26372667e-01 -7.68504623e-01 -1.14519021e-01 -3.72108398e-01 -5.69025664e-01 -2.42565940e-01 1.39256228e+00 4.73458451e-01 7.96423698e-01 8.58126995e-01 -1.26183969e-01 4.73667170e-01 1.19185787e+00 0.00000000e+00 1.40240671e+00 -9.87339443e-01 1.01851420e+00 0.00000000e+00 0.00000000e+00 2.49687074e-01 -1.32027512e+00 -4.41461189e-01 -5.26544834e-01 -1.63494631e+00 -9.50836632e-01 9.54745015e-01 6.91729074e-01 0.00000000e+00 2.10418795e+00 -6.23065931e-01 1.02001922e-01 6.64279018e-03 1.33326299e+00 0.00000000e+00 -1.13725020e+00 -6.34807388e-01 8.62347312e-01 0.00000000e+00 6.75273515e-01 -1.29854472e+00 -3.28944705e-01 3.33649870e-01 -1.09383713e+00 -5.84449683e-01 8.83554469e-01 1.25469249e+00 -1.45413377e+00 1.70164929e-01 1.06921647e+00 -5.52345427e-01 -9.05421495e-01 -7.86362108e-01 1.75177763e+00 7.57093605e-01 -5.20689382e-01 0.00000000e+00 1.04810027e+00 1.11284876e+00 9.52027808e-01 2.99486618e-01 1.33058503e+00 -1.11327329e+00 1.78452134e-01
 1.28451056e+00 0.00000000e+00 2.55727560e-01 -2.54748277e-01 -1.90744264e-01 1.51233771e+02 0.00000000e+00 -4.06646782e-01 0.00000000e+00 -1.95705758e-01 -5.69836528e-01 -8.35095212e-01 4.28985920e-01 0.00000000e+00 0.00000000e+00 -1.01867237e+00 1.16930473e-01 4.47143549e-01 1.97944139e+00 -8.72421389e-01 3.37318887e-01 4.16631237e-01 1.14210765e-01 8.03302725e-01 2.43351364e-01 -1.35085995e+00 2.93822372e+00 -1.58584909e+00 -3.92971010e-01 1.51602266e-01 -7.07146176e-01 -1.17882149e+00 -1.45221683e+00 -5.35313973e-02 -8.81501477e-01 -1.53656548e+00 -3.01939054e-01 2.31672930e-01 2.04927573e-01 -2.66913747e-01 -7.77399483e-01 5.34678099e-01 -1.36467029e+00 -1.16297062e+00 -1.62622227e+00 8.36096587e-01 8.01482903e-01 -4.54755422e-01 9.06774766e-01 3.53691846e-01 2.61164203e-01 5.74868338e-01 1.40750166e+00 -1.25556061e-01 8.79138208e-01 1.01653184e+00 0.00000000e+00 -3.05157821e-02 -4.66679225e-01 0.00000000e+00 -8.61925250e-01 -1.20903250e-01 -4.52272311e-01 -3.04723973e+00 1.36490694e-01 0.00000000e+00 8.40368421e-01 -8.77971520e-01 -3.76390596e-01 -2.46785474e+00 -1.41450847e-01 0.00000000e+00 6.59829690e-01 -9.20677221e-01 -8.47123849e-02 -2.81645082e-01 -1.23526094e+00 2.27876641e-01 0.00000000e+00 5.91556507e-01 -8.83071187e-01 6.02418156e-01 -2.68208484e-01 1.04367142e+00 -4.67460066e-01 1.69798136e+00 7.34917209e-01 8.44537067e-01 1.96240104e+00 0.00000000e+00 -2.06902931e-01 -6.02452852e-01 8.34014985e-01 -1.30655672e-01 2.92808317e-01 -2.48726935e-01 -1.34007563e+00 4.51421744e-01 6.58194112e-01 1.78115752e+00 -3.04864129e-01 1.32928340e+00 2.28453826e-01 -1.25989097e+00 -6.62376217e-02 -9.78325658e-01 7.62320370e-01 6.82109981e-01 1.14617106e+00 -1.83815728e-02 -1.31866542e+00 0.00000000e+00 -1.80256224e-01 -8.78131355e-01 0.00000000e+00 1.22788722e+00 1.11139352e+00 -1.32366000e+00 -7.12656488e-01 5.75240003e-01 1.05120089e+00 5.79270332e-01 7.45333546e-01 -2.01711377e+00 -1.43731148e+00 -4.26976670e-01 -9.88915739e-01 -4.89791417e-01 8.80694762e-01 0.00000000e+00 -7.05364785e-01 -6.21724496e-01 -9.07910645e-01 0.00000000e+00 -2.35077757e-01 4.62027083e-01 0.00000000e+00 4.90877076e-01 -1.10417375e+00 -8.90453054e-01 -1.08493184e+00 -3.98479133e-01 1.01652260e+00 0.00000000e+00 -2.08691677e-02 1.74594676e+00 7.79271728e-01 -5.03820256e-01 -1.21032495e+00 -8.30010326e-01
 2.35229531e-01 5.78131261e-01 -3.25419456e-01 -1.46320595e-01 -7.64125395e-01 0.00000000e+00 1.50000000e+02 3.21744490e-01 9.43076062e-02 -1.03901237e+00 -9.22824704e-02 3.93484368e-01 -3.08977205e-01 -9.17336638e-01 4.81327091e-01 1.65432115e+00 -1.05335424e+00 1.33466064e-01 -6.29862351e-01 8.98035103e-01 2.12063774e+00 1.61273682e-01 3.57775163e-01 7.76943539e-01 0.00000000e+00 4.53074861e-01 2.27327850e+00 -1.84873489e-02 3.47459960e-01 9.37464173e-01 1.18973015e-02 7.61189849e-01 8.69199868e-01 7.52716771e-01 -1.26066006e+00 9.20421699e-01 1.37512646e+00 1.00655229e-01 -1.18460986e+00 1.98852850e+00 -4.61460929e-01 -8.80865363e-01 -3.41380953e-01 -5.39446573e-02 0.00000000e+00 9.94854322e-02 8.11907479e-01 3.27376139e-01 -1.21734520e+00 1.32344975e+00 8.52364511e-01 -4.35144347e-01 -2.02232684e-01 1.33372932e-01 6.14969607e-01 1.74049504e+00 0.00000000e+00 4.49227091e-01 7.62234556e-01 -1.90802334e+00 0.00000000e+00 -1.29863793e+00 -9.36453855e-01 2.67582460e-01 -7.20061375e-01 -7.15410190e-01 -1.78738814e+00 -6.85839997e-01 6.80432717e-01 -1.50838611e-01 -2.90065796e-01 -2.24274464e-01 -1.08256747e+00 1.29074480e+00 1.22997359e+00 0.00000000e+00 -8.07206057e-01 -9.42805982e-01 0.00000000e+00 -1.07283165e+00 0.00000000e+00 -2.79984016e-01 5.30138424e-01 -7.25472634e-01 4.35628720e-01 -7.00495053e-03 1.59199339e+00 -5.96396775e-01 2.90255716e-01 2.35366949e+00 -1.32238639e-01 0.00000000e+00 -3.52581368e-01 -9.35180224e-01 4.88078017e-01 -1.45184470e+00 0.00000000e+00 7.05744675e-01 -8.47697311e-01 3.11415805e-01 5.46299118e-01 4.71048826e-01 0.00000000e+00 1.11863517e-01 -3.28274722e-01 -1.56094770e+00 -1.38253339e+00 1.29528318e+00 -1.31326591e-01 -3.83339607e-01 1.04971511e+00 1.34471771e+00 -1.01912786e+00 -7.85696924e-01 -7.82783016e-02 0.00000000e+00 -6.79594467e-02 -1.04632705e+00 -1.75289138e+00 1.37496800e-01 -7.68410109e-01 -1.18227929e+00 4.85753781e-02 -1.38422438e-01 -3.61870252e-01 -1.37349886e+00 -1.74647436e-01 1.65093335e+00 1.24999715e+00 1.27805812e+00 3.67741648e-01 -5.46608032e-02 1.01054045e+00 -8.36142454e-01 -1.72220969e+00 -3.21110339e-01 -1.08985004e+00 7.65320691e-01 -6.28070927e-01 7.50381805e-01 -1.30263644e+00 -2.15100455e-01 -1.74255618e-01 1.61286636e+00 -4.61859739e-01 -5.08587951e-01 2.55109756e+00 1.14944660e-01 -1.24119825e+00 1.28817611e+00
 3.66964797e-01 -1.13716866e+00 5.92595709e-01 6.65059853e-01 8.38480932e-01 -4.06646782e-01 3.21744490e-01 1.50030878e+02 7.45251392e-01 2.82426127e+00 -1.40057654e+00 4.04694065e-01 -4.81713872e-01 9.20627742e-01 -6.89040879e-01 1.73243958e-01 -6.30416435e-01 -3.84356638e-01 1.19884345e+00 -5.59982145e-02 9.99546193e-01 0.00000000e+00 9.06870889e-01 1.85881950e-01 1.57075510e+00 1.74022301e-01 -1.68188193e+00 -1.69581458e+00 -8.59524530e-01 -1.31571667e+00 0.00000000e+00 -5.59596035e-01 -1.08985504e+00 -1.56498292e+00 -1.66692739e+00 2.08760426e+00 -1.09185726e+00 3.11531307e-01 0.00000000e+00 9.51725432e-01 0.00000000e+00 1.00311554e+00 1.34871281e-01 2.34427599e-01 6.10176399e-02 -1.47124748e-01 -2.02095940e+00 -5.60451083e-01 5.52916894e-01 -6.79960212e-01 2.73814697e-01 3.66405599e-01 -1.38226211e+00 1.83939944e+00 -7.93170687e-03 -1.78861116e+00 3.23633915e-01 1.21361887e+00 1.24867950e-01 -9.65298664e-02 -1.06590696e+00 -4.45543293e-01 8.63918901e-01 2.70648249e-01 1.66638235e+00 -1.00001304e+00 -9.61413808e-01 -3.93505846e-05 1.38016822e-01 2.88043820e-01 0.00000000e+00 -1.05846177e-01 -1.37194061e+00 1.11436722e+00 9.46958947e-01 -1.05665301e+00 -2.57409550e+00 1.87575579e-01 -2.48203369e-01 -6.09789975e-02 -5.48607689e-01 -4.63809368e-01 -2.18439369e+00 4.35819713e-01 3.45760988e-01 3.10898639e-01 3.96487834e-01 3.14040189e+00 -1.32405079e+00 -3.82878836e-01 2.03816743e-01 -1.45817627e+00 -1.39311439e+00 -5.15808719e-01 -1.67873458e+00 9.21722056e-01 9.98769132e-01 1.22788153e+00 -7.34868688e-01 -1.16672745e+00 0.00000000e+00 1.79110364e+00 -6.92447273e-01 1.91596560e-01 5.27697228e-01 -1.15891397e+00 -1.76789174e+00 1.57508332e-01 2.21487351e-01 0.00000000e+00 -1.36334853e-01 -1.23906917e+00 -8.74671366e-01 -1.96217439e-01 -1.59587086e-01 0.00000000e+00 -8.23749456e-01 1.91359126e+00 -1.26266186e+00 -1.26420093e+00 8.96031910e-01 -7.84273329e-01 8.48923485e-01 -2.30283955e-01 -2.07108334e+00 0.00000000e+00 5.86133734e-01 6.99713275e-02 0.00000000e+00 5.70317212e-01 3.01453562e-01 5.44618839e-01 -1.41400402e+00 -1.45232177e+00 -1.73161935e+00 -2.19314408e-01 -2.14630087e-01 1.74888978e-01 -2.09498702e+00 -5.54548658e-01 2.32646036e-01 -1.56928971e+00 0.00000000e+00 1.96178995e+00 0.00000000e+00 6.88023818e-01 -6.96486844e-01 -3.63416922e-01 -8.89758893e-01 -4.33505447e-01
 7.89576462e-01 -3.57520468e-01 1.46773964e+00 0.00000000e+00 6.14094158e-02 0.00000000e+00 9.43076062e-02 7.45251392e-01 1.50000000e+02 1.92420801e+00 6.86698860e-01 -9.69866529e-01 -2.91088907e-01 -6.95259222e-01 6.31932732e-01 0.00000000e+00 -1.44205253e+00 -4.38431785e-01 1.11509112e+00 -1.10432532e+00 2.03446738e+00 2.22777489e-02 0.00000000e+00 -1.53323376e+00 -1.22009851e+00 9.53519881e-01 -2.07305359e-01 5.98484858e-01 2.09979568e+00 -4.70693102e-01 9.36172059e-01 4.02938231e-01 -3.75933314e-01 1.09318104e+00 -1.29171220e+00 1.21041979e+00 0.00000000e+00 4.40732900e-01 9.93271694e-01 -7.46357879e-01 5.51503291e-01 1.37437526e+00 -5.90831663e-01 9.05944550e-01 1.34563933e+00 -4.81292467e-01 6.77700747e-01 -6.73834120e-01 1.93433356e+00 1.16410964e+00 1.41282696e+00 -1.43834245e+00 -1.77221299e-01 -4.31303575e-01 -3.21221135e-01 1.14040900e+00 0.00000000e+00 2.08040856e+00 0.00000000e+00 -1.45199319e-01 1.18840916e+00 -1.56439630e-01 -1.11680921e+00 -5.29626580e-01 5.63291948e-01 -6.01872935e-01 -1.07642063e+00 1.88424852e-01 -2.98122268e-01 -1.11691840e-01 2.78760747e-01 2.79522592e+00 8.19002560e-01 -5.78483880e-01 2.90295903e-01 -1.56814083e+00 2.78360299e-01 8.64964626e-01 3.11019681e-01 -1.12687238e+00 -1.17770181e+00 6.55629973e-01 4.78740584e-01 1.40339009e+00 -1.01478639e+00 -1.22859610e+00 -1.09125759e+00 -3.74350077e-01 -6.58871197e-01 -2.68105460e-01 -6.87442755e-01 1.82257832e-01 1.52954443e+00 -2.35751622e-01 -1.05699950e+00 5.83560986e-01 -2.53256022e+00 -3.39342488e-01 -4.09916138e-01 4.69576318e-01 1.33044941e-01 0.00000000e+00 0.00000000e+00 1.72201956e+00 0.00000000e+00 -2.14532795e-01 -1.86130319e+00 -1.50283204e+00 1.25833274e-01 0.00000000e+00 4.22259544e-01 1.26641098e+00 -1.24145408e+00 -3.43138515e-01 1.41809647e+00 2.53755886e-01 1.14068717e+00 1.00342555e+00 1.98869108e+00 -2.00028262e+00 1.57923012e+00 6.02200130e-02 2.44854085e-01 -4.34719247e-01 4.16745666e-01 1.09598661e+00 7.90876303e-01 -6.02409988e-01 2.26508052e-01 4.63599251e-01 2.84284728e-01 1.56445841e-01 -5.69844573e-03 6.62070509e-02 0.00000000e+00 2.42533007e-01 8.60307869e-01 -3.47517090e-01 4.54432321e-03 -3.24394935e-02 -3.00019548e-01 1.33414861e+00 5.16070992e-01 -1.71888699e+00 6.31234169e-01 -1.43565682e-02 7.96021083e-01 8.39053791e-01 1.80573867e+00 0.00000000e+00
 0.00000000e+00 1.23919800e+00 -1.30763592e+00 -1.44460204e+00 0.00000000e+00 -1.95705758e-01 -1.03901237e+00 2.82426127e+00 1.92420801e+00 1.50131764e+02 -2.39724888e-01 -1.64228161e+00 -5.94028137e-01 -7.42228789e-02 -9.58395668e-01 1.58177914e+00 -1.36600795e-01 1.79995078e+00 5.37610811e-02 -1.46336936e-01 -5.41968800e-01 7.60039094e-02 -1.78602175e+00 -2.32990523e-01 7.12200913e-01 1.45151159e+00 2.08489237e-01 1.78992305e+00 -7.90979315e-01 9.95446208e-01 1.07345865e+00 -8.64305582e-01 2.43176574e-01 -1.35723417e-01 -1.00244769e-01 2.15865950e+00 0.00000000e+00 -1.15735526e+00 -1.14666374e+00 1.04418714e+00 -1.13051439e-01 -1.64841893e+00 1.91866960e+00 3.30482121e-01 3.93181846e-01 -7.23233895e-01 -1.31211256e-02 0.00000000e+00 -1.64055859e+00 2.31432697e-01 9.47245782e-01 -2.24600737e-01 2.42690564e-01 6.27406485e-01 -4.27235530e-01 -1.17649073e-01 4.86290511e-01 -1.59395165e+00 -5.36153948e-01 2.12834234e-02 -1.14448607e+00 -1.33322736e-01 5.60719085e-01 6.02794682e-01 -6.66631226e-01 5.63926721e-01 2.46961062e-03 -6.81434657e-01 1.49832242e+00 3.24417730e-01 -9.01741134e-02 0.00000000e+00 7.44957733e-01 -1.06417740e+00 -6.35863238e-01 -1.23684579e+00 0.00000000e+00 -7.76974070e-02 6.09807058e-02 1.11163791e-01 -1.32200554e+00 -6.09723536e-01 6.90602587e-01 0.00000000e+00 2.87384604e-01 -3.54794837e-01 7.52645610e-01 -1.14538429e+00 5.66699390e-01 -6.33439193e-03 0.00000000e+00 1.02048995e+00 -1.83176468e-01 3.12593925e-01 1.82072660e-01 -1.79105684e-01 6.13284191e-01 5.67146303e-01 0.00000000e+00 3.80341156e-01 -1.78811437e-03 -4.10090079e-01 -2.26598577e-01 8.33449862e-01 1.25008782e+00 2.32924014e+00 7.00274886e-01 -1.22889734e+00 -5.34915914e-01 8.75298684e-01 -4.51707412e-01 2.94802172e-01 5.21159468e-01 5.45274843e-01 5.86860319e-01 -1.03632692e+00 -3.52943450e-02 -3.10856204e-01 -2.17873734e-01 1.55784292e+00 -1.12435414e+00 -1.13092847e+00 -6.46374126e-01 0.00000000e+00 1.01500324e-01 -1.46210959e-01 -1.08681121e+00 0.00000000e+00 9.51492853e-03 2.07920411e+00 -3.25208757e-01 0.00000000e+00 -3.38676643e-01 -1.45519721e+00 -8.78526517e-01 -9.27655029e-01 1.70115699e+00 1.82082427e+00 1.24644267e+00 0.00000000e+00 1.66218987e-01 2.00412779e-01 -3.16709433e-01 6.52546545e-02 6.87020320e-02 5.77435447e-01 1.64269574e+00 -1.16304432e+00 -1.55076676e+00 -1.73492489e-01
 6.68361372e-01 0.00000000e+00 -1.36909730e+00 3.35391248e-01 1.09370455e+00 -5.69836528e-01 -9.22824704e-02 -1.40057654e+00 6.86698860e-01 -2.39724888e-01 1.50000000e+02 -1.40474298e+00 3.26336489e-03 -1.80910683e-02 -1.65607877e+00 0.00000000e+00 8.33008698e-01 -2.37180648e-03 3.46551019e-01 0.00000000e+00 2.18901337e-01 -1.03361332e+00 -6.43601736e-01 -9.02351691e-01 -1.02860625e+00 3.32080387e-01 -1.94853586e-01 -8.86800223e-01 -1.50751902e+00 -1.44805179e+00 -7.58713161e-02 -1.78001318e+00 1.18960310e+00 1.33829425e+00 7.32425186e-01 4.95851407e-01 -1.31103443e+00 1.81167873e+00 -9.50354211e-01 3.98614556e-02 4.81106538e-01 -1.20206925e-01 8.45173106e-02 -1.23716833e+00 1.13746466e+00 2.10411284e+00 9.53121296e-02 -1.83907176e-01 0.00000000e+00 -1.26823277e+00 -9.85719121e-01 0.00000000e+00 1.54350978e-01 1.66544296e-01 5.61377625e-01 -1.13787651e+00 2.15775217e+00 -4.47871336e-01 1.82911552e+00 -3.71362931e-01 -1.24374043e+00 1.57712211e-01 -1.31521692e-02 5.61910198e-01 -2.57561115e-01 4.35100890e-01 2.41753579e-01 -1.03573640e+00 -1.53799618e+00 1.20922843e+00 3.36249776e-01 1.20153416e+00 1.55191286e+00 2.04662278e-01 -8.14287899e-01 2.13692791e-01 6.71189201e-01 1.61862271e-02 1.04833995e+00 -1.51665376e-01 1.00101629e+00 7.99541985e-02 -2.34600514e-02 -1.00155297e+00 0.00000000e+00 -7.93034929e-01 1.23423725e+00 5.47077345e-01 1.97939563e-01 -1.65653475e-01 -2.41562458e-01 0.00000000e+00 -4.46743323e-01 -7.42977550e-02 0.00000000e+00 -1.36936497e+00 1.99806679e+00 -8.72196768e-01 1.19171422e+00 -2.71199962e+00 0.00000000e+00 5.52006278e-01 1.12908975e+00 1.54625496e+00 0.00000000e+00 1.12716952e+00 2.88301340e-01 8.20015846e-01 -1.28730892e-01 1.14674203e+00 -2.41664933e-01 -4.89818160e-01 0.00000000e+00 -1.21270976e+00 0.00000000e+00 -4.53602184e-01 5.89406204e-01 -3.22287288e-01 -3.09540289e-01 -1.26509983e-01 -9.03544433e-01 -2.10754997e-01 4.30294731e-01 -2.11469877e-01 -2.94252712e-01 0.00000000e+00 2.85364958e-03 -9.53914194e-01 1.96739764e+00 2.69288772e-01 -1.94445627e-01 1.43960630e-01 4.02201084e-01 -1.85495806e+00 0.00000000e+00 1.02788613e+00 -1.76787276e+00 -1.77773398e+00 3.73181468e-01 0.00000000e+00 0.00000000e+00 1.87330521e-01 -4.71387567e-01 -6.67366773e-01 -1.33498606e+00 -3.95703589e-01 -1.84538622e-01 -9.34929344e-02 -8.14604607e-01 -4.40878092e-01
 -1.48220333e-01 1.50998415e-01 -3.60442674e-01 -2.17152817e-01 2.77193704e-01 -8.35095212e-01 3.93484368e-01 4.04694065e-01 -9.69866529e-01 -1.64228161e+00 -1.40474298e+00 1.50000000e+02 -1.02715652e-01 -1.41425382e+00 -1.26195992e+00 9.01243871e-01 -5.40258914e-01 0.00000000e+00 -3.68603443e-01 -1.01537475e+00 -2.87876096e-01 -7.37528404e-01 -3.62125224e-01 9.18022918e-01 -2.31925795e-01 6.06125696e-01 2.49802250e+00 -1.04564033e+00 9.42790308e-01 -5.46036588e-01 1.03057669e+00 -1.64798603e-02 -6.40277959e-01 4.67972178e-01 7.90550764e-02 7.41681028e-01 1.42981974e+00 -4.90343990e-01 3.05956969e-01 -6.90298468e-01 -2.66460847e-01 4.61779400e-01 6.15313838e-01 4.41899359e-01 0.00000000e+00 6.62576419e-01 -8.64977532e-01 0.00000000e+00 1.77816243e+00 -3.20791171e-01 2.16604632e-01 -6.54237159e-01 -6.06916589e-01 4.95311160e-01 5.84641096e-01 -8.78012764e-01 1.06672845e+00 1.40510646e-01 1.60037506e+00 0.00000000e+00 -1.49133423e-01 0.00000000e+00 1.23222754e+00 1.22984475e+00 9.34695584e-01 -8.82086611e-02 -8.65820676e-01 -1.19166378e+00 -4.12145615e-01 1.67151357e+00 -9.03740080e-02 2.91538175e-01 -1.50073374e+00 -2.30839428e-01 -2.45282367e-01 7.38612739e-01 1.74367365e+00 -5.61222092e-02 3.94586749e-01 -1.23287611e+00 0.00000000e+00 3.00246889e-01 0.00000000e+00 8.92578529e-02 1.52896296e-01 7.51737517e-01 -7.51681180e-01 -7.48347409e-01 9.64316062e-01 7.20905204e-01 7.95233431e-02 -6.41968088e-01 0.00000000e+00 1.00755597e+00 -9.82262891e-01 0.00000000e+00 -1.59980732e+00 -7.43497262e-01 -1.26122098e+00 -8.04120171e-02 -4.21011653e-01 -3.33247171e-01 -1.48588347e+00 6.10678870e-01 1.71031842e+00 8.42942327e-02 7.73201607e-01 -4.21141470e-01 -1.14969114e+00 0.00000000e+00 1.63323160e+00 -1.45700068e+00 1.57491244e+00 1.96999756e+00 -1.28288178e+00 6.93446178e-01 1.26314599e+00 3.26453718e-01 3.80602463e-01 -7.19941854e-01 -1.33049316e-01 0.00000000e+00 0.00000000e+00 -1.43613363e-01 -1.11329216e+00 6.42459610e-02 -2.81850239e-01 0.00000000e+00 -6.41210764e-01 -1.45041206e+00 -2.64341068e-01 8.33771875e-01 5.24096003e-01 6.99554983e-01 1.68173010e+00 -2.35840626e+00 -4.41737132e-01 -1.43523760e+00 4.90584757e-01 2.01017825e+00 7.27598583e-01 2.08931915e+00 -7.44306744e-03 0.00000000e+00 7.66044798e-01 -1.35281292e+00 -9.29378317e-02 -2.74865896e-01 -8.68854307e-01 5.54153531e-01
 -7.81148246e-02 1.38754172e+00 1.16722964e+00 6.10502403e-01 -9.02098309e-01 4.28985920e-01 -3.08977205e-01 -4.81713872e-01 -2.91088907e-01 -5.94028137e-01 3.26336489e-03 -1.02715652e-01 1.50271379e+02 8.67781307e-02 9.86121099e-01 -2.07132392e+00 -1.81604683e-01 -9.34015011e-02 1.15914347e+00 2.44003780e+00 -1.29063649e+00 -1.23831047e+00 -3.64038946e-01 -3.19813890e-01 -1.09418035e+00 -3.90215299e-01 0.00000000e+00 4.49612690e-01 1.69485216e-01 1.20250258e+00 3.34039568e-01 -1.82079252e+00 -3.34090847e-01 7.60926154e-01 -8.07736929e-01 -4.93893725e-02 -1.79216751e-01 -6.81903213e-01 3.47922833e-01 -1.39040183e+00 -6.37747926e-01 -1.24977430e+00 2.27290435e-01 -8.23262641e-01 -1.67719098e+00 1.55153136e+00 1.30325676e+00 -4.91769133e-01 3.43920070e-01 2.70262325e-01 6.37451949e-01 4.98827212e-01 7.17053050e-01 3.81826369e-01 0.00000000e+00 -1.24049124e+00 1.54329416e-01 1.56493683e+00 1.68674818e+00 -1.09605146e-01 1.22341807e+00 4.98930363e-01 5.80106785e-01 -9.21618820e-01 0.00000000e+00 -1.56192157e-01 -9.01281474e-02 -8.08620868e-01 -9.17986643e-01 5.24217867e-01 0.00000000e+00 -2.88004631e-01 1.30480366e+00 -1.10199126e+00 2.11118826e-01 3.75739088e-01 -8.98389847e-01 -1.11870739e+00 -2.07929376e+00 2.12384167e+00 -2.61281385e-01 1.54048057e+00 1.13522747e-01 6.55425879e-01 2.09269297e+00 -2.07225597e+00 -2.97494162e-02 9.90488841e-02 6.04478519e-01 -1.95851109e+00 3.63431957e-01 -6.20253442e-02 1.17474146e+00 -4.55853896e-01 -6.33209765e-02 1.10076359e+00 -1.43647359e+00 -2.16824086e-01 1.19140378e-01 -1.23133145e-01 0.00000000e+00 0.00000000e+00 4.87334653e-01 2.08667121e+00 8.54403468e-01 -8.29884879e-01 0.00000000e+00 8.78853871e-01 -3.56213143e-01 -2.21659987e-01 3.30722627e-01 0.00000000e+00 -2.35188673e-01 5.62985648e-01 2.39481063e+00 6.34653732e-01 3.38797922e-01 -1.37884708e+00 -8.79528749e-01 0.00000000e+00 3.13389225e-01 -5.01202465e-01 3.16021907e-01 -6.64595485e-01 0.00000000e+00 3.64340827e-01 0.00000000e+00 1.05182791e+00 -6.59231007e-01 8.90641083e-01 1.14253342e+00 -7.03111062e-01 8.76776419e-01 -1.19590707e+00 2.63832410e-01 1.29165966e+00 9.94340969e-01 -9.27334589e-01 1.48112906e+00 -3.27107568e-01 3.45471410e-01 2.93326051e-01 1.20620358e-01 8.80989297e-01 -1.52640032e+00 -5.29731934e-01 5.11082503e-01 -2.84214584e-01 2.18216241e-01 -5.19952107e-01
 5.33079321e-01 -7.18469739e-01 -3.17785258e-01 -1.17231264e+00 -1.09478397e+00 0.00000000e+00 -9.17336638e-01 9.20627742e-01 -6.95259222e-01 -7.42228789e-02 -1.80910683e-02 -1.41425382e+00 8.67781307e-02 1.50000000e+02 1.47965459e+00 -8.54443198e-01 -5.69125558e-01 -5.96768643e-01 7.36901361e-01 2.00661838e+00 5.43294704e-01 -2.00136571e+00 -3.53574641e-01 1.07398350e+00 1.88443248e-02 5.40069759e-01 -1.81262917e+00 2.33784473e-02 4.17176968e-01 -1.97501227e-01 -9.96619706e-01 -5.93689468e-02 -8.53220414e-02 -1.35009355e+00 -8.27502879e-01 0.00000000e+00 -9.38264396e-01 8.23276321e-01 1.82130419e+00 1.00904474e+00 -1.23660238e+00 -9.73678371e-01 8.21147192e-01 5.81501671e-01 -6.63216923e-01 -1.06503427e+00 1.70702755e-01 -7.80798364e-01 -1.83991716e+00 -9.58071566e-01 -1.88446903e-01 -1.10668694e+00 -4.85537244e-01 -2.77897311e-01 7.31740914e-02 5.36031194e-01 3.05624635e-01 1.28677773e+00 1.10176585e+00 2.32230438e+00 6.15575248e-01 9.03152823e-02 -3.72209844e-01 -2.28465025e-02 9.62808172e-01 -1.18891056e+00 8.46716587e-01 5.30485833e-01 -2.33315488e+00 1.15948294e+00 -8.58934013e-01 -3.78682963e-01 6.49400597e-01 0.00000000e+00 8.49508045e-02 0.00000000e+00 5.51807299e-01 -9.30746929e-01 -1.30847365e+00 2.12574889e-01 -8.37648673e-01 -1.95144709e+00 9.26209077e-01 0.00000000e+00 -1.96433038e+00 3.03928614e-01 2.73261733e+00 4.18044398e-01 -3.02585387e-01 0.00000000e+00 -1.64228097e+00 8.77713211e-01 -1.01810858e+00 0.00000000e+00 0.00000000e+00 -6.05670877e-01 9.25482200e-01 -3.11326648e-01 6.78090831e-01 0.00000000e+00 2.81758474e-01 -2.72399038e-01 5.83252138e-01 8.89912948e-01 2.04029525e-01 4.60765885e-01 0.00000000e+00 1.15021250e+00 -1.87852472e+00 -5.27753347e-01 8.81222653e-01 -6.64586256e-02 5.62511880e-01 1.10441702e-01 -1.30102727e+00 0.00000000e+00 1.45806225e+00 -8.83623317e-01 0.00000000e+00 0.00000000e+00 -3.41619748e-01 -7.42558188e-01 5.14411910e-02 -6.64109592e-01 3.80517564e-01 -1.89570949e+00 3.05111835e-01 -1.17983429e+00 0.00000000e+00 1.34181217e-01 4.01046663e-01 -1.53762609e-02 -8.86478063e-01 8.24355235e-01 -4.34040584e-01 -2.61564866e-01 -1.78792206e-02 6.42258504e-01 7.83631138e-01 7.61107245e-01 -6.78686384e-02 2.98805050e-01 -6.68684347e-02 -2.30999406e-01 1.23314082e-01 1.36710850e+00 -8.55117218e-01 -8.75988397e-01 -3.52048107e-01 -4.42954815e-01
 0.00000000e+00 -1.66302680e+00 2.47278003e-01 -8.12825315e-01 -8.86491251e-01 0.00000000e+00 4.81327091e-01 -6.89040879e-01 6.31932732e-01 -9.58395668e-01 -1.65607877e+00 -1.26195992e+00 9.86121099e-01 1.47965459e+00 1.51897675e+02 0.00000000e+00 -1.33381305e+00 6.85170035e-01 -8.02824780e-03 4.29696705e-01 2.09675513e-01 5.90417145e-02 0.00000000e+00 -1.24399405e+00 0.00000000e+00 8.55048860e-01 -4.73197829e-01 6.69095419e-02 9.47864297e-01 1.13556117e+00 0.00000000e+00 0.00000000e+00 9.32580717e-01 1.69758031e+00 2.02828173e-01 0.00000000e+00 1.84554642e+00 -1.28168173e+00 6.20963302e-01 0.00000000e+00 -1.42092843e+00 1.21448138e-01 -9.08847217e-01 -4.79822711e-01 -1.25902965e+00 9.62886942e-01 -1.00935338e+00 4.61199585e-01 -2.69598897e-01 0.00000000e+00 1.17533934e-01 0.00000000e+00 1.81378059e+00 -1.39931033e+00 1.23317123e+00 9.28991883e-01 -4.35600663e-01 1.23863600e+00 4.57891033e-01 -5.95391064e-01 7.48097105e-01 2.71591750e-01 -1.03179779e+00 4.40591924e-01 -4.92721525e-01 -1.76728339e+00 -1.07565428e+00 -1.04964030e+00 -1.95667772e+00 0.00000000e+00 -9.28813395e-01 7.43651405e-01 1.16929757e+00 -2.81510078e-01 5.62552874e-01 6.05352347e-01 -6.67214836e-01 -1.64844890e+00 0.00000000e+00 -4.57637109e-01 1.92707610e-01 2.05192886e+00 -1.50411873e+00 -1.11120762e+00 -1.77835409e+00 -6.32068897e-01 9.01754812e-01 0.00000000e+00 1.48287891e+00 -5.36490061e-01 -1.83493122e+00 1.80870095e+00 0.00000000e+00 1.05889440e+00 0.00000000e+00 -7.62990429e-01 1.44721835e+00 -1.80206640e+00 -7.33872899e-01 9.58517649e-02 -1.25897436e-01 -6.55037657e-01 -1.23291506e+00 1.17502691e+00 3.07137789e-01 1.17891310e+00 -8.79193012e-01 -1.44930810e+00 -7.61056218e-01 -5.23591866e-03 1.34325420e+00 -1.95709842e+00 -1.32066628e+00 4.13810376e-01 4.98403479e-01 -4.23876563e-01 7.01102197e-02 1.11884683e+00 0.00000000e+00 -1.45435103e+00 0.00000000e+00 1.10972950e+00 0.00000000e+00 -2.58247166e-01 9.03344752e-01 1.18867993e+00 -1.68970681e+00 -1.44700767e+00 5.11790777e-01 -2.27853459e-01 -1.13249226e+00 -3.91221131e-01 -1.47063749e+00 -8.59753932e-01 -1.39750380e+00 2.44611074e-01 5.93914619e-01 2.83198368e+00 0.00000000e+00 -5.23980892e-01 0.00000000e+00 0.00000000e+00 0.00000000e+00 1.41509322e+00 9.04467979e-01 6.21277839e-01 -7.31173367e-01 1.14842660e+00 -3.16826971e-01 1.94558321e+00
 -1.92795217e-01 1.41220126e+00 7.07868976e-02 4.38475374e-01 2.74145365e-01 -1.01867237e+00 1.65432115e+00 1.73243958e-01 0.00000000e+00 1.58177914e+00 0.00000000e+00 9.01243871e-01 -2.07132392e+00 -8.54443198e-01 0.00000000e+00 1.48431299e+02 1.14394259e+00 0.00000000e+00 -1.46462087e+00 8.80127191e-02 -1.99965879e-01 1.12299975e+00 1.00825941e+00 -1.10616211e+00 -8.24953301e-01 -1.70387512e+00 -1.15551204e+00 -5.87003209e-01 2.06487703e+00 1.76395486e-01 3.68481067e-01 0.00000000e+00 -2.35421557e+00 7.47245612e-01 -4.04530894e-01 -5.43814475e-01 6.04693364e-01 -4.75301693e-01 6.39848816e-01 5.28792817e-01 -5.87375917e-01 4.23648627e-01 -5.29244810e-01 1.96808202e+00 -2.02642943e-01 0.00000000e+00 3.19378851e-01 5.76068356e-01 -6.93802022e-01 -1.14055593e+00 2.49794359e+00 -3.53141666e-01 1.01272638e+00 1.49463365e-01 8.77947967e-01 -3.20584934e-01 -7.19779412e-02 7.38392798e-01 1.68444129e+00 -6.04867459e-02 -5.65684671e-01 -7.81783212e-01 1.72027675e+00 -1.48464490e+00 1.18866564e+00 -9.87013105e-01 -7.45395475e-03 -7.84135758e-01 2.12018843e-01 -1.69792529e+00 5.05964249e-01 -4.60911974e-02 -8.89762986e-01 -8.80210197e-01 0.00000000e+00 1.25214194e+00 -4.30660717e-01 -6.54203530e-01 0.00000000e+00 -2.05315046e-02 5.45150701e-02 1.63400061e+00 -8.88591908e-01 -6.74801294e-01 -2.00523590e+00 6.17191487e-01 -6.39857420e-01 -1.29187763e+00 -4.74166468e-01 -9.54017590e-01 1.70157641e+00 8.71015316e-01 6.76735642e-01 0.00000000e+00 3.22001244e-01 7.33016361e-02 -3.09871503e-01 0.00000000e+00 1.35677772e-01 -6.23186853e-02 -1.03711243e-01 -1.12184206e+00 1.98534867e+00 2.90712186e+00 -3.00026149e-01 1.05938394e+00 8.61695676e-01 -1.09426609e-01 -2.70923488e-01 -1.02899755e+00 3.66788037e-01 1.52228520e+00 1.89685452e-01 -1.46071197e+00 -1.22159711e+00 -4.33053242e-01 -6.62381930e-03 -1.65973987e+00 0.00000000e+00 -7.71156528e-01 1.41001692e-01 7.92554283e-01 4.23865236e-01 1.67403121e+00 1.78427570e-01 -1.82814194e+00 0.00000000e+00 -2.04324532e+00 -2.51499339e-01 -1.03122449e+00 -6.43756795e-01 -3.35211068e-01 -5.82761341e-01 0.00000000e+00 3.51145122e-01 -6.46853446e-01 -6.02517923e-01 8.81865149e-01 1.09314083e+00 0.00000000e+00 0.00000000e+00 -2.07177298e+00 9.22090472e-01 3.56700099e-01 -9.80743946e-01 0.00000000e+00 0.00000000e+00 -1.51438538e+00 1.06641682e+00 -3.85042211e-01
 -1.29178278e-01 6.51458070e-02 0.00000000e+00 8.37161197e-01 -3.30735731e-01 1.16930473e-01 -1.05335424e+00 -6.30416435e-01 -1.44205253e+00 -1.36600795e-01 8.33008698e-01 -5.40258914e-01 -1.81604683e-01 -5.69125558e-01 -1.33381305e+00 1.14394259e+00 1.49896895e+02 -6.72692335e-01 -8.66737163e-01 -8.07382498e-01 1.71513461e+00 -3.40648623e-01 -7.02120173e-01 0.00000000e+00 1.85169020e+00 -4.79549493e-04 -1.16018566e+00 1.60181348e-01 1.12423857e+00 1.15910446e+00 6.00738543e-01 4.14690148e-01 -3.21074650e-02 0.00000000e+00 -3.94415059e-01 2.19371556e+00 -1.72785707e+00 1.23451475e+00 6.43315652e-01 -5.56081262e-01 -3.69762241e-01 -1.46388732e-01 -2.97891134e-01 3.94201614e-01 -8.93766675e-01 1.46888153e+00 -2.03926600e-01 3.18794025e-01 1.91232416e+00 1.77997850e+00 -1.45320783e+00 0.00000000e+00 -3.75568095e-01 -1.00936456e+00 1.14407601e+00 -2.47860721e-01 5.89827645e-01 -8.41071227e-01 1.46352073e+00 -2.86460677e+00 -1.69593214e+00 -1.15299847e+00 9.70943030e-01 2.13059379e+00 -4.12911554e-01 2.56208209e-01 0.00000000e+00 -3.64513007e-01 -1.50546573e+00 1.41533083e+00 -4.77860526e-02 -6.36389208e-02 -9.63199624e-01 5.32435853e-01 8.26203940e-01 0.00000000e+00 -1.37904247e+00 -1.08110511e-01 -1.43684006e+00 -1.30591415e+00 -4.87398124e-02 -1.24727727e+00 4.22088189e-01 -3.76740175e-01 6.83928959e-01 4.34894377e-01 1.41684079e+00 -1.94509629e+00 3.91841908e-01 -7.62206230e-01 1.18657861e+00 9.87980598e-02 -3.40219726e-01 -7.00134980e-01 -1.07082701e+00 -4.38212467e-03 -1.13762611e+00 1.59337776e-01 1.66771213e-02 -5.64876721e-01 -1.18689607e+00 1.75525373e+00 -6.39939756e-01 7.07485584e-04 -3.69923322e-01 1.45559789e+00 -1.54034336e+00 -1.14912165e-01 7.87248529e-01 6.30882356e-01 -1.46832833e+00 3.42949669e-01 -1.54745995e-01 -2.61659373e-01 -1.38812615e+00 9.45490657e-01 -1.04713213e+00 8.20349635e-01 -2.97302575e-03 5.13781585e-01 -1.21779005e+00 -1.76635886e-01 8.34907288e-01 4.33485470e-01 -3.24740111e-01 -5.49575146e-01 -5.73732736e-01 -3.44154952e-01 -1.32366094e+00 -6.61283237e-01 1.26150439e+00 -1.05430385e+00 7.22119093e-01 -7.73768007e-01 1.24148191e+00 -1.06029299e+00 1.26008457e+00 -6.35971620e-01 -6.97291817e-01 -2.68868253e-01 -1.04361556e+00 2.08336268e-01 0.00000000e+00 3.68909008e-02 -5.04354521e-02 5.75821415e-01 4.53102208e-01 4.44617207e-01 1.31651937e+00 0.00000000e+00
