 2.36099627e+01 -1.97100413e+00 -1.12990031e+00 -3.22689395e-01 -7.98783151e-01 6.97589436e-01 -8.73530876e-01 -1.90615472e-01 4.88223292e-01 4.45669658e-01 9.66391259e-01 -2.29844925e-01 0.00000000e+00 -1.46093449e+00 1.17502124e+00 2.55460092e-01 0.00000000e+00 -9.22911328e-01 3.03035951e-01 1.01726345e-01 -5.14139738e-01 -1.29275161e+00 -4.79250398e-01 1.27288659e+00 1.04500302e+00
 -1.97100413e+00 2.50000000e+01 -2.20464740e-01 7.38890441e-01 0.00000000e+00 3.59173614e-01 6.04550099e-02 -2.99693048e-01 1.95135619e+00 -7.96384485e-01 7.01125778e-02 -4.75513284e-01 2.19345757e+00 6.19819635e-01 -1.52693754e+00 -3.05912250e-03 1.21131573e-01 -8.05285948e-01 -2.10852840e-01 1.85397747e+00 4.11915793e-01 1.22191320e+00 2.27316951e-01 -1.86472189e+00 0.00000000e+00
 -1.12990031e+00 -2.20464740e-01 2.50600190e+01 -4.68560438e-02 -7.05996893e-01 0.00000000e+00 -6.63133745e-01 -2.48540486e-01 -2.54908169e-01 -1.86353183e+00 -1.29006764e+00 1.81452346e+00 -1.09135139e+00 -8.70086134e-02 -5.91983565e-01 -9.31131525e-01 4.14835218e-01 5.94563573e-01 -3.25906314e-01 1.27966273e+00 -8.62259978e-01 -2.00871681e+00 -1.12986829e-01 -4.07545424e-01 1.81148239e-01
 -3.22689395e-01 7.38890441e-01 -4.68560438e-02 2.47514230e+01 8.77551479e-02 -2.87117066e-01 -1.89237599e-01 -9.39165398e-02 0.00000000e+00 1.61172398e-01 -1.12876871e+00 -4.55010331e-01 -9.89437256e-01 4.16040206e-01 2.11020684e-01 -8.22203577e-01 -1.00576991e+00 -1.12100202e-01 -3.82544348e-01 3.37627690e-01 1.89417645e-01 -1.65472952e-01 9.53859064e-01 0.00000000e+00 0.00000000e+00
 -7.98783151e-01 0.00000000e+00 -7.05996893e-01 8.77551479e-02 2.43083552e+01 -7.62892867e-02 4.13700198e-01 2.01111109e-01 2.14283709e-01 -9.67754210e-02 -1.14054762e-01 8.58071322e-02 -2.70529795e-01 1.88681812e+00 9.32267220e-02 3.62320431e-01 -7.08970892e-01 1.55372515e+00 -1.07639892e+00 3.33343933e-01 -1.07353883e+00 -1.22482946e-01 -7.39681720e-01 0.00000000e+00 1.91982376e+00
 6.97589436e-01 3.59173614e-01 0.00000000e+00 -2.87117066e-01 -7.62892867e-02 2.45467882e+01 -4.01175334e-01 1.68229273e-01 -7.81984634e-01 3.31351791e-01 -1.84761497e+00 9.85904648e-01 3.40908120e-01 2.36488104e-01 1.63172384e-01 6.79565325e-01 2.09223304e-01 -3.54551649e-01 3.25471551e-01 0.00000000e+00 1.83203261e+00 1.43375898e-01 1.22553203e-01 -9.92852422e-01 -1.02588494e-01
 -8.73530876e-01 6.04550099e-02 -6.63133745e-01 -1.89237599e-01 4.13700198e-01 -4.01175334e-01 2.35671203e+01 5.02761478e-02 5.27899580e-01 -4.00611564e-01 -7.54628199e-02 6.89236898e-01 -4.25598756e-01 1.66786641e-01 -7.94943575e-01 2.05485558e-01 0.00000000e+00 -4.12196607e-01 -9.26006574e-01 -1.92764521e+00 1.11121603e+00 -2.26031818e-02 -2.72147234e+00 -2.10242509e-01 -7.29255815e-01
 -1.90615472e-01 -2.99693048e-01 -2.48540486e-01 -9.39165398e-02 2.01111109e-01 1.68229273e-01 5.02761478e-02 2.49253919e+01 -6.34486304e-01 -8.38221173e-01 1.04449075e+00 -6.85833577e-01 1.24145232e+00 7.85031006e-01 -2.36125871e-01 9.98865355e-01 -4.65093761e-01 0.00000000e+00 -1.70397630e+00 0.00000000e+00 -2.04180798e+00 0.00000000e+00 -2.81087904e-02 2.46102720e-01 -1.95544163e-01
 4.88223292e-01 1.95135619e+00 -2.54908169e-01 0.00000000e+00 2.14283709e-01 -7.81984634e-01 5.27899580e-01 -6.34486304e-01 2.41474478e+01 0.00000000e+00 9.23198769e-01 0.00000000e+00 -1.12904529e+00 5.34913361e-01 4.57066875e-02 2.49733553e-01 -1.27356721e+00 2.89085771e-01 1.42953681e+00 -3.39767211e-01 -4.03251552e-01 -4.16134467e-01 1.02044991e+00 0.00000000e+00 2.54675105e-01
 4.45669658e-01 -7.96384485e-01 -1.86353183e+00 1.61172398e-01 -9.67754210e-02 3.31351791e-01 -4.00611564e-01 -8.38221173e-01 0.00000000e+00 2.50000000e+01 1.00770468e+00 8.76671409e-01 6.39328771e-01 -7.02772331e-01 6.27546766e-01 2.81680209e-01 7.97593573e-01 1.34306714e+00 -1.47420027e+00 -1.10897631e-02 -3.25606810e-01 4.85650343e-01 -8.95513479e-01 0.00000000e+00 -1.46450483e+00
 9.66391259e-01 7.01125778e-02 -1.29006764e+00 -1.12876871e+00 -1.14054762e-01 -1.84761497e+00 -7.54628199e-02 1.04449075e+00 9.23198769e-01 1.00770468e+00 2.63868083e+01 9.86011652e-01 2.09349273e+00 -1.64716187e+00 -1.25097551e+00 1.05583124e+00 4.37444143e-01 1.14541876e-01 8.70804360e-01 0.00000000e+00 3.74893241e-01 -1.00908615e+00 6.89273797e-01 -7.19859042e-01 1.52002435e+00
 -2.29844925e-01 -4.75513284e-01 1.81452346e+00 -4.55010331e-01 8.58071322e-02 9.85904648e-01 6.89236898e-01 -6.85833577e-01 0.00000000e+00 8.76671409e-01 9.86011652e-01 2.56401964e+01 3.91465881e-01 -4.08677436e-01 -2.00637881e-01 -1.47831480e+00 5.03136545e-01 1.12269108e+00 0.00000000e+00 -3.09912267e-01 8.74529920e-01 1.82889484e+00 1.30168451e+00 6.18970446e-01 -1.40960848e+00
 0.00000000e+00 2.19345757e+00 -1.09135139e+00 -9.89437256e-01 -2.70529795e-01 3.40908120e-01 -4.25598756e-01 1.24145232e+00 -1.12904529e+00 6.39328771e-01 2.09349273e+00 3.91465881e-01 2.53504734e+01 0.00000000e+00 1.90939474e-01 -1.94725175e+00 1.41249227e+00 0.00000000e+00 -7.70403424e-01 5.39165137e-01 -4.16907201e-01 3.41292016e-01 -6.66007870e-01 3.91161041e-01 -2.59528050e+00
 -1.46093449e+00 6.19819635e-01 -8.70086134e-02 4.16040206e-01 1.88681812e+00 2.36488104e-01 1.66786641e-01 7.85031006e-01 5.34913361e-01 -7.02772331e-01 -1.64716187e+00 -4.08677436e-01 0.00000000e+00 2.47726532e+01 -5.85867740e-01 -3.05998164e-01 1.23777256e+00 3.53230861e-01 7.44537339e-01 1.14384253e+00 -4.59252463e-01 -1.11076467e+00 8.63986944e-01 -1.16128115e+00 0.00000000e+00
 1.17502124e+00 -1.52693754e+00 -5.91983565e-01 2.11020684e-01 9.32267220e-02 1.63172384e-01 -7.94943575e-01 -2.36125871e-01 4.57066875e-02 6.27546766e-01 -1.25097551e+00 -2.00637881e-01 1.90939474e-01 -5.85867740e-01 2.56106477e+01 7.67329761e-01 -1.13100915e+00 6.20363644e-01 -9.98772079e-01 4.97351945e-01 1.01103247e+00 -1.14369082e+00 -1.05864778e+00 1.45640257e+00 7.45022433e-02
 2.55460092e-01 -3.05912250e-03 -9.31131525e-01 -8.22203577e-01 3.62320431e-01 6.79565325e-01 2.05485558e-01 9.98865355e-01 2.49733553e-01 2.81680209e-01 1.05583124e+00 -1.47831480e+00 -1.94725175e+00 -3.05998164e-01 7.67329761e-01 2.39845005e+01 -4.17286156e-01 7.35096614e-01 -1.50946901e-01 -2.00733477e-01 -4.16852280e-01 -7.69116510e-02 0.00000000e+00 1.85157544e-01 7.71960880e-01
 0.00000000e+00 1.21131573e-01 4.14835218e-01 -1.00576991e+00 -7.08970892e-01 2.09223304e-01 0.00000000e+00 -4.65093761e-01 -1.27356721e+00 7.97593573e-01 4.37444143e-01 5.03136545e-01 1.41249227e+00 1.23777256e+00 -1.13100915e+00 -4.17286156e-01 2.64411456e+01 5.18906799e-01 1.01754216e+00 3.28460505e-01 -1.32269958e+00 -9.89267100e-02 -7.26145066e-01 9.63995650e-01 -5.73669156e-01
 -9.22911328e-01 -8.05285948e-01 5.94563573e-01 -1.12100202e-01 1.55372515e+00 -3.54551649e-01 -4.12196607e-01 0.00000000e+00 2.89085771e-01 1.34306714e+00 1.14541876e-01 1.12269108e+00 0.00000000e+00 3.53230861e-01 6.20363644e-01 7.35096614e-01 5.18906799e-01 2.62217823e+01 0.00000000e+00 1.14139353e+00 4.98837095e-01 0.00000000e+00 -7.41580696e-01 -6.95951775e-02 0.00000000e+00
 3.03035951e-01 -2.10852840e-01 -3.25906314e-01 -3.82544348e-01 -1.07639892e+00 3.25471551e-01 -9.26006574e-01 -1.70397630e+00 1.42953681e+00 -1.47420027e+00 8.70804360e-01 0.00000000e+00 -7.70403424e-01 7.44537339e-01 -9.98772079e-01 -1.50946901e-01 1.01754216e+00 0.00000000e+00 2.44582684e+01 2.21444929e-01 -7.62167444e-01 -3.13815949e-01 -6.34173546e-01 0.00000000e+00 3.84413814e-01
 1.01726345e-01 1.85397747e+00 1.27966273e+00 3.37627690e-01 3.33343933e-01 0.00000000e+00 -1.92764521e+00 0.00000000e+00 -3.39767211e-01 -1.10897631e-02 0.00000000e+00 -3.09912267e-01 5.39165137e-01 1.14384253e+00 4.97351945e-01 -2.00733477e-01 3.28460505e-01 1.14139353e+00 2.21444929e-01 2.47503314e+01 -9.89114757e-03 2.77743048e-01 -1.75639280e-01 -1.81164765e+00 1.20491963e+00
 -5.14139738e-01 4.11915793e-01 -8.62259978e-01 1.89417645e-01 -1.07353883e+00 1.83203261e+00 1.11121603e+00 -2.04180798e+00 -4.03251552e-01 -3.25606810e-01 3.74893241e-01 8.74529920e-01 -4.16907201e-01 -4.59252463e-01 1.01103247e+00 -4.16852280e-01 -1.32269958e+00 4.98837095e-01 -7.62167444e-01 -9.89114757e-03 2.50000000e+01 -8.89627596e-01 9.99224682e-01 -1.31615314e+00 3.03293300e-01
 -1.29275161e+00 1.22191320e+00 -2.00871681e+00 -1.65472952e-01 -1.22482946e-01 1.43375898e-01 -2.26031818e-02 0.00000000e+00 -4.16134467e-01 4.85650343e-01 -1.00908615e+00 1.82889484e+00 3.41292016e-01 -1.11076467e+00 -1.14369082e+00 -7.69116510e-02 -9.89267100e-02 0.00000000e+00 -3.13815949e-01 2.77743048e-01 -8.89627596e-01 2.61711092e+01 0.00000000e+00 -5.12451808e-01 7.95101350e-01
 -4.79250398e-01 2.27316951e-01 -1.12986829e-01 9.53859064e-01 -7.39681720e-01 1.22553203e-01 -2.72147234e+00 -2.81087904e-02 1.02044991e+00 -8.95513479e-01 6.89273797e-01 1.30168451e+00 -6.66007870e-01 8.63986944e-01 -1.05864778e+00 0.00000000e+00 -7.26145066e-01 -7.41580696e-01 -6.34173546e-01 -1.75639280e-01 9.99224682e-01 0.00000000e+00 2.58591150e+01 7.44792815e-01 5.96152389e-01
 1.27288659e+00 -1.86472189e+00 -4.07545424e-01 0.00000000e+00 0.00000000e+00 -9.92852422e-01 -2.10242509e-01 2.46102720e-01 0.00000000e+00 0.00000000e+00 -7.19859042e-01 6.18970446e-01 3.91161041e-01 -1.16128115e+00 1.45640257e+00 1.85157544e-01 9.63995650e-01 -6.95951775e-02 0.00000000e+00 -1.81164765e+00 -1.31615314e+00 -5.12451808e-01 7.44792815e-01 2.53932096e+01 8.17341339e-01
 1.04500302e+00 0.00000000e+00 1.81148239e-01 0.00000000e+00 1.91982376e+00 -1.02588494e-01 -7.29255815e-01 -1.95544163e-01 2.54675105e-01 -1.46450483e+00 1.52002435e+00 -1.40960848e+00 -2.59528050e+00 0.00000000e+00 7.45022433e-02 7.71960880e-01 -5.73669156e-01 0.00000000e+00 3.84413814e-01 1.20491963e+00 3.03293300e-01 7.95101350e-01 5.96152389e-01 8.17341339e-01 2.50000000e+01
