 5.20135666e+01 -7.85083328e-02 0.00000000e+00 -1.70793024e+00 0.00000000e+00 8.71544049e-01 -3.51546861e-01 0.00000000e+00 -1.23692908e-01 0.00000000e+00 -2.29158881e-01 0.00000000e+00 1.36703439e+00 -1.54702035e+00 -1.55773649e-01 1.26204205e+00 -1.40585398e+00 6.74107372e-01 -2.48846975e-01 -6.12473410e-01 -1.47918401e+00 -1.79589809e-02 1.33078111e-01 -2.31630006e-01 6.90233919e-01 4.19620405e-01 1.47592509e+00 -7.84828584e-01 3.96008902e-01 8.17635307e-01 -5.42410671e-01 -1.72964821e+00 1.09925975e+00 8.00797485e-01 0.00000000e+00 2.80581530e-01 1.28862797e+00 6.93815268e-01 9.32710070e-01 -2.00402014e-01 -5.37489364e-01 1.21742652e+00 3.83257845e-01 6.33388101e-01 2.23310197e-01 8.37095449e-01 3.12650977e-01 -5.92732184e-02 2.48290930e-02 4.16350806e-03
 -7.85083328e-02 4.74958393e+01 9.36070127e-03 -1.34438538e+00 3.53192422e-01 5.22981192e-01 1.39877749e+00 1.45727724e+00 0.00000000e+00 4.92904130e-01 -2.44714224e-01 0.00000000e+00 1.37384582e+00 -7.72270183e-01 1.14164233e+00 2.68119597e-01 9.98766769e-01 -7.29754952e-01 6.58574061e-01 -5.07133899e-01 -2.25414013e+00 -8.50617328e-01 -5.61256727e-01 -1.50656534e+00 1.36625477e+00 -6.02717223e-01 -2.94816203e-01 -7.46313337e-02 7.74963200e-01 2.79985042e-01 8.76880200e-01 0.00000000e+00 9.84548376e-01 1.27507751e+00 1.53307514e+00 -3.54474115e-01 7.29829682e-01 -4.99409594e-01 1.36191418e+00 -1.04172335e+00 1.21083153e+00 2.27594137e-02 4.96441417e-01 -5.03087019e-01 -1.09656101e+00 3.01922055e-01 1.76507569e+00 6.08404698e-01 -6.26969065e-01 -5.71398206e-01
 0.00000000e+00 9.36070127e-03 5.09022772e+01 0.00000000e+00 2.37952967e+00 3.12275308e-01 2.05648108e-01 7.97161409e-01 -2.47140729e-01 -1.60646479e-01 -1.45918512e+00 -1.15916960e+00 1.80435214e+00 8.90230646e-01 4.96399265e-01 7.59095032e-01 9.83237512e-01 -2.23588985e-01 2.80781328e-01 4.65531143e-01 -1.32734392e+00 3.15430291e-01 4.87839783e-01 1.92700836e-01 1.30905359e-01 -1.64076177e+00 0.00000000e+00 1.43884914e-01 -1.24060560e+00 -1.04970219e+00 -5.72160040e-01 -1.24959020e+00 3.86055507e-01 2.28530115e-02 6.22845922e-01 -1.18693665e+00 -3.51767822e-01 -3.03042921e-01 1.11164954e+00 -1.03030070e+00 -8.65906115e-01 -1.88007651e+00 1.26150297e+00 8.87378933e-01 4.55973796e-01 1.39800278e+00 3.03513507e-02 -1.34459988e-01 -5.46553147e-01 1.76528958e-01
 -1.70793024e+00 -1.34438538e+00 0.00000000e+00 5.00000000e+01 -4.15399185e-01 -9.63863612e-02 1.37747142e+00 2.84878177e-01 2.68020869e-01 -8.00897791e-01 -5.60764999e-01 3.15265487e-01 0.00000000e+00 0.00000000e+00 7.19468539e-01 1.05222683e-01 9.36639144e-02 -1.86611241e+00 -1.07736577e+00 -2.37503934e+00 -1.23797805e+00 1.51192592e+00 -6.20241007e-01 1.82255736e+00 -2.16789878e+00 -5.60182592e-02 0.00000000e+00 -4.74701578e-01 8.34023243e-02 2.16480866e-01 -6.37040000e-02 0.00000000e+00 3.09640712e-01 -5.66002324e-01 7.22679040e-01 8.76647249e-01 8.75821116e-01 0.00000000e+00 0.00000000e+00 1.30834154e+00 1.58077960e+00 6.33728646e-01 -3.66821808e-01 -5.46814644e-01 -5.72143783e-02 0.00000000e+00 1.18081997e+00 -1.26353209e-02 -1.65990324e+00 -3.16933241e-02
 0.00000000e+00 3.53192422e-01 2.37952967e+00 -4.15399185e-01 4.88887895e+01 1.61819043e+00 1.98965904e-01 -3.25888096e+00 0.00000000e+00 -8.06112667e-01 -9.80279081e-01 -3.63619906e-01 0.00000000e+00 2.81575972e-01 -3.08611700e-01 1.19578406e-01 1.08165550e+00 -5.36040431e-01 -5.64769216e-01 -5.51687272e-01 0.00000000e+00 8.71592304e-01 -5.38084737e-01 -1.06845818e+00 -8.43248319e-01 1.01067217e+00 -1.85381794e-01 -8.82137651e-01 1.70223879e+00 1.67302375e+00 0.00000000e+00 3.87450714e-01 7.31386225e-01 -3.96642936e-01 1.72590052e+00 -1.33553482e+00 3.99124976e-02 7.20108313e-02 -1.90523513e+00 0.00000000e+00 3.22031676e-01 0.00000000e+00 -2.57567828e-01 -2.14103034e+00 4.07988450e-01 -1.01565900e-01 8.06962544e-01 8.87683244e-01 -1.59595906e+00 2.11472112e-01
 8.71544049e-01 5.22981192e-01 3.12275308e-01 -9.63863612e-02 1.61819043e+00 5.00000000e+01 1.25909315e+00 -1.12529979e+00 -6.41497663e-01 1.98028789e-01 -9.24986734e-01 6.44864610e-01 1.21588011e-01 7.15580463e-01 8.03026302e-01 3.39775836e-01 9.05565178e-01 -7.49801902e-01 2.45375577e-01 -1.83041252e+00 0.00000000e+00 2.41857615e-01 -6.47696825e-01 -1.18733240e+00 4.84830594e-01 0.00000000e+00 -1.11730115e+00 -1.09892671e+00 2.12054258e+00 3.78197858e-01 1.28154304e-01 -1.37528530e-01 4.77882114e-02 0.00000000e+00 5.03175115e-01 -3.70384186e-01 -1.22721345e-01 -1.19956599e+00 8.79117713e-01 1.45684390e-01 9.87472772e-01 -1.14149210e+00 2.57010068e-03 4.05683048e-01 3.09372642e-01 6.13574884e-01 -5.82191663e-02 5.71754022e-01 6.67399888e-01 -5.73910216e-01
 -3.51546861e-01 1.39877749e+00 2.05648108e-01 1.37747142e+00 1.98965904e-01 1.25909315e+00 4.92203404e+01 -3.41760056e-01 0.00000000e+00 3.55287445e-01 -4.69223563e-01 -1.09284748e+00 2.79635541e-01 -6.56852446e-01 1.06163151e+00 5.45604355e-02 3.44230214e-01 0.00000000e+00 7.15098581e-02 2.78293357e-01 6.17818950e-01 -7.16672739e-01 1.02218383e+00 -1.34610299e+00 1.34004082e+00 -4.60758107e-01 -4.50093420e-02 9.25694589e-01 3.15949031e-01 -1.22635985e-01 3.56377874e-02 1.29844770e+00 -1.29992791e-01 1.85815380e+00 0.00000000e+00 0.00000000e+00 -5.78578518e-01 0.00000000e+00 -3.10344231e-01 1.04198525e+00 -2.32418878e-01 1.75090265e+00 7.11644933e-01 2.51906545e-01 6.37438753e-01 0.00000000e+00 2.29354482e-01 1.91765226e+00 0.00000000e+00 1.80758682e+00
 0.00000000e+00 1.45727724e+00 7.97161409e-01 2.84878177e-01 -3.25888096e+00 -1.12529979e+00 -3.41760056e-01 5.15290510e+01 -2.03438390e-01 5.44900774e-02 -1.54707184e-01 -2.65585683e+00 -1.13220680e+00 -1.41551716e+00 -8.05609805e-01 -6.48503129e-01 4.36103501e-01 -1.08177199e+00 2.54905138e+00 5.44083822e-01 1.49917157e-01 -2.06191373e-01 6.83017090e-01 7.17518518e-01 -4.24784897e-01 3.64052798e-01 6.27585210e-01 -4.88082859e-01 3.40601711e-01 1.88756432e+00 9.06270931e-01 1.53765149e+00 -1.23964147e+00 -9.03301305e-01 6.06367231e-01 -1.00178673e-01 -5.48859387e-01 1.61917047e+00 5.42920126e-01 -2.43017258e-01 3.57995103e-01 6.23104566e-02 -8.39902916e-01 -6.46721240e-01 6.34071722e-01 -3.84729659e-01 0.00000000e+00 3.79675515e-01 -1.04920308e+00 3.30557836e-01
 -1.23692908e-01 0.00000000e+00 -2.47140729e-01 2.68020869e-01 0.00000000e+00 -6.41497663e-01 0.00000000e+00 -2.03438390e-01 5.07986789e+01 1.10138830e+00 1.54252506e-01 6.01337216e-01 -1.80742040e+00 -2.45670075e-01 3.34481888e-01 8.83762424e-01 7.90421736e-01 -7.49256573e-01 -8.00713656e-01 0.00000000e+00 -6.60343546e-01 -4.60844669e-01 -1.84734596e-01 9.60782958e-01 -2.74263944e-01 -3.63900522e-01 0.00000000e+00 -9.42278923e-02 -3.90271488e-02 -5.15215673e-01 0.00000000e+00 1.35085691e+00 -1.92409620e+00 -4.35125366e-01 -1.52410527e+00 2.49830602e-01 -8.75329836e-01 -1.79420407e-01 0.00000000e+00 -1.14257827e+00 -1.31916889e+00 -1.08897068e+00 1.13065707e-01 7.87257784e-01 2.14058135e-02 1.45316081e+00 -4.86255063e-01 2.99898163e-01 9.62911312e-01 -4.21382405e-01
 0.00000000e+00 4.92904130e-01 -1.60646479e-01 -8.00897791e-01 -8.06112667e-01 1.98028789e-01 3.55287445e-01 5.44900774e-02 1.10138830e+00 5.00000000e+01 -1.62561265e+00 -3.17430154e-01 4.37518907e-01 0.00000000e+00 -8.58856010e-01 -9.47824171e-01 -5.01746960e-01 -6.13737973e-01 -2.21932736e-01 -4.33705018e-01 -1.59678369e+00 2.43392334e-01 -8.64768595e-01 -1.26416779e+00 -7.08168088e-01 -6.04171267e-01 -1.41441484e-01 -2.80588969e-01 4.93301948e-01 -7.07129815e-01 1.88052770e+00 -2.11035363e+00 -9.30430134e-01 1.18289263e+00 -1.39265131e+00 0.00000000e+00 -2.07323558e+00 2.85055292e-01 -4.14164606e-01 3.58150183e-01 8.98356086e-01 0.00000000e+00 -1.28053656e+00 1.00078795e+00 -3.48338595e-02 1.78572239e-01 1.29915430e+00 -4.98355352e-01 -8.70653544e-01 -1.63934332e-01
 -2.29158881e-01 -2.44714224e-01 -1.45918512e+00 -5.60764999e-01 -9.80279081e-01 -9.24986734e-01 -4.69223563e-01 -1.54707184e-01 1.54252506e-01 -1.62561265e+00 5.00419676e+01 5.91111363e-01 -4.00379410e-01 2.27617050e+00 0.00000000e+00 5.64110131e-01 -2.03197237e+00 -1.60001929e+00 3.40715708e-01 8.88964050e-01 6.08728437e-01 2.11802003e-01 1.04729695e+00 -9.08464536e-01 6.00366184e-02 1.11592317e+00 3.11540734e-01 0.00000000e+00 -1.31420314e+00 -7.63284062e-01 9.18176421e-01 -1.80445817e-01 1.31146127e+00 3.04336028e-01 -9.62604941e-01 -9.23743139e-01 -5.49797194e-01 1.97518721e+00 -1.03031824e+00 4.28438164e-01 1.65283815e-01 -1.05458639e+00 -1.98587834e+00 5.01168072e-01 7.67280685e-01 2.32851712e-01 1.98270796e+00 6.96418317e-01 3.81620480e-01 1.26092520e+00
 0.00000000e+00 0.00000000e+00 -1.15916960e+00 3.15265487e-01 -3.63619906e-01 6.44864610e-01 -1.09284748e+00 -2.65585683e+00 6.01337216e-01 -3.17430154e-01 5.91111363e-01 5.01063996e+01 -1.96819997e+00 2.87399112e-01 5.24255118e-01 -7.79388822e-01 1.13146779e+00 1.41584484e-01 1.41451411e+00 -1.22249630e+00 3.31105290e-01 -1.13186022e-01 -1.77012040e+00 1.07686004e+00 2.29084835e-01 3.03514236e-01 -1.97801661e-01 9.49263261e-01 -4.82537363e-01 9.18059824e-01 -1.79900852e+00 1.29490209e-01 0.00000000e+00 3.79647654e-01 0.00000000e+00 -1.37156146e+00 5.49416967e-01 1.54992403e+00 -4.64972217e-01 1.64587253e-01 0.00000000e+00 0.00000000e+00 8.32654771e-01 3.34127663e-01 -4.98166287e-01 -1.08444334e-01 -8.53806070e-01 -2.33021805e+00 4.26792528e-01 -1.29016244e-01
 1.36703439e+00 1.37384582e+00 1.80435214e+00 0.00000000e+00 0.00000000e+00 1.21588011e-01 2.79635541e-01 -1.13220680e+00 -1.80742040e+00 4.37518907e-01 -4.00379410e-01 -1.96819997e+00 5.00000000e+01 -3.81377589e-01 -2.97014640e+00 1.19661086e+00 6.22752385e-01 8.30820856e-01 -2.88371821e-01 -1.26961129e-01 -1.58736082e+00 -1.29834198e+00 1.74406909e+00 2.46440810e-01 -6.61119942e-01 5.63536690e-01 0.00000000e+00 -1.93261582e+00 -1.03576981e+00 0.00000000e+00 3.81049660e-01 1.40352605e+00 1.53865777e+00 -2.10993463e+00 1.72484663e+00 -3.41055320e-01 1.33987961e+00 1.76005618e+00 -2.67654351e-01 0.00000000e+00 -2.26988323e-01 4.34288284e-01 -1.20028127e+00 -5.66183154e-01 1.11374081e-01 -3.31121468e-02 0.00000000e+00 -1.27129643e+00 9.08219371e-01 -7.30780142e-01
 -1.54702035e+00 -7.72270183e-01 8.90230646e-01 0.00000000e+00 2.81575972e-01 7.15580463e-01 -6.56852446e-01 -1.41551716e+00 -2.45670075e-01 0.00000000e+00 2.27617050e+00 2.87399112e-01 -3.81377589e-01 4.89364800e+01 2.14932426e-01 1.10533090e+00 -1.78963876e+00 9.11950385e-01 -1.83707339e-03 1.23171755e+00 0.00000000e+00 -1.04659768e-01 2.26408739e+00 5.71242539e-01 -3.70744957e-01 5.36908392e-01 6.52009661e-01 5.58222842e-01 -3.31193656e-01 0.00000000e+00 0.00000000e+00 -4.29804643e-01 -2.97639312e-01 -5.71877784e-01 3.98758685e-01 -1.85013088e-01 -8.74398788e-01 1.43123112e+00 1.56405772e+00 -2.16627325e-01 7.68802271e-02 -5.30313959e-01 1.50575272e+00 1.68136605e+00 -1.85112911e-01 -8.59139287e-01 0.00000000e+00 0.00000000e+00 -1.35942253e+00 -7.34303749e-02
 -1.55773649e-01 1.14164233e+00 4.96399265e-01 7.19468539e-01 -3.08611700e-01 8.03026302e-01 1.06163151e+00 -8.05609805e-01 3.34481888e-01 -8.58856010e-01 0.00000000e+00 5.24255118e-01 -2.97014640e+00 2.14932426e-01 5.01969280e+01 -1.68663090e+00 -1.15728321e+00 7.28335215e-01 1.06866677e-01 -8.73243722e-01 -1.61263403e+00 0.00000000e+00 8.34220381e-01 -9.61372557e-01 -8.43546681e-01 -5.07349371e-01 1.40551351e+00 -2.56718750e-02 -9.36764766e-01 -8.12700962e-02 -3.37531797e-01 -1.78070906e-01 -7.79286299e-01 9.11990624e-01 -4.18212215e-01 3.29939999e-01 1.89708057e+00 1.82525346e+00 -4.47697253e-01 1.26607335e+00 0.00000000e+00 -2.75615601e-02 -4.22287710e-01 -1.00056638e+00 -8.96956007e-01 -1.84398839e-01 -4.70866103e-01 -6.26207053e-01 4.55875092e-01 -3.21131894e-01
 1.26204205e+00 2.68119597e-01 7.59095032e-01 1.05222683e-01 1.19578406e-01 3.39775836e-01 5.45604355e-02 -6.48503129e-01 8.83762424e-01 -9.47824171e-01 5.64110131e-01 -7.79388822e-01 1.19661086e+00 1.10533090e+00 -1.68663090e+00 5.00000000e+01 -1.85686388e+00 1.22887021e+00 -5.39976000e-01 0.00000000e+00 -8.01314808e-01 6.56233222e-01 3.87078186e-01 -2.19282522e+00 0.00000000e+00 -8.05211768e-01 -1.11874218e+00 -1.90626902e-01 -6.82456692e-01 -5.67110611e-02 -6.58680478e-01 -7.84104237e-01 -1.55499971e+00 0.00000000e+00 3.37961500e-01 -7.30870835e-01 1.35739719e+00 2.25765710e+00 1.24622876e+00 8.86857527e-01 -1.93811922e-02 4.04126985e-01 8.05358225e-01 0.00000000e+00 0.00000000e+00 8.71325626e-01 6.17640738e-01 -1.26760843e+00 8.70155949e-01 -1.39663017e+00
 -1.40585398e+00 9.98766769e-01 9.83237512e-01 9.36639144e-02 1.08165550e+00 9.05565178e-01 3.44230214e-01 4.36103501e-01 7.90421736e-01 -5.01746960e-01 -2.03197237e+00 1.13146779e+00 6.22752385e-01 -1.78963876e+00 -1.15728321e+00 -1.85686388e+00 5.12018817e+01 -1.35834592e+00 -5.05769011e-01 4.08804425e-02 0.00000000e+00 -1.33675519e-01 -5.90785905e-01 6.54642506e-01 3.06966721e-01 4.23544015e-03 -1.69182233e+00 0.00000000e+00 -7.07744134e-01 -1.19347164e+00 1.53255648e+00 -1.31139423e+00 0.00000000e+00 3.84212453e-01 -2.35460290e+00 -7.16287571e-01 4.58167901e-02 1.13350993e-01 1.23164560e+00 3.20215272e-01 -1.72052883e+00 -1.67447232e+00 -2.18936687e+00 5.20328780e-01 2.23280393e-01 3.90686551e-01 -1.11372456e+00 4.37266833e-01 1.01443623e+00 5.44320283e-01
 6.74107372e-01 -7.29754952e-01 -2.23588985e-01 -1.86611241e+00 -5.36040431e-01 -7.49801902e-01 0.00000000e+00 -1.08177199e+00 -7.49256573e-01 -6.13737973e-01 -1.60001929e+00 1.41584484e-01 8.30820856e-01 9.11950385e-01 7.28335215e-01 1.22887021e+00 -1.35834592e+00 5.00924990e+01 -6.70918949e-04 -1.25071691e+00 8.79371381e-02 0.00000000e+00 1.47594812e+00 -7.85016445e-01 -9.62784675e-01 4.12553626e-01 -6.49599012e-01 -1.99977557e+00 -1.19499009e+00 1.12317337e+00 4.08008595e-02 2.03936595e+00 -7.54060416e-01 -9.28916970e-02 7.70511272e-01 5.17839049e-01 -4.38267867e-01 1.29578638e+00 5.20926864e-02 1.62980632e-01 1.27722127e+00 -1.76298111e+00 1.27249844e-01 9.03407913e-01 0.00000000e+00 6.99394067e-01 1.65379831e+00 0.00000000e+00 1.41818898e+00 -4.12725298e-01
 -2.48846975e-01 6.58574061e-01 2.80781328e-01 -1.07736577e+00 -5.64769216e-01 2.45375577e-01 7.15098581e-02 2.54905138e+00 -8.00713656e-01 -2.21932736e-01 3.40715708e-01 1.41451411e+00 -2.88371821e-01 -1.83707339e-03 1.06866677e-01 -5.39976000e-01 -5.05769011e-01 -6.70918949e-04 5.00490507e+01 8.46050344e-01 -7.14873379e-02 0.00000000e+00 5.31436192e-01 9.81682874e-01 1.22039540e+00 1.46131912e+00 -1.86785536e+00 5.36489617e-01 2.07070618e+00 7.38421407e-01 7.60906846e-01 -9.31078580e-01 1.42654666e+00 -2.31582929e-01 -7.45530956e-01 7.45725604e-01 0.00000000e+00 -1.43321369e+00 -1.40940256e+00 -1.50555374e+00 8.44469609e-01 1.30853582e-02 1.17425447e+00 1.30830534e+00 6.57767708e-01 1.86380024e+00 3.88507134e-02 1.69525197e+00 -1.40663567e+00 -2.57705822e-01
 -6.12473410e-01 -5.07133899e-01 4.65531143e-01 -2.37503934e+00 -5.51687272e-01 -1.83041252e+00 2.78293357e-01 5.44083822e-01 0.00000000e+00 -4.33705018e-01 8.88964050e-01 -1.22249630e+00 -1.26961129e-01 1.23171755e+00 -8.73243722e-01 0.00000000e+00 4.08804425e-02 -1.25071691e+00 8.46050344e-01 4.89750249e+01 -7.94938894e-01 -3.48375915e-01 -1.44421801e+00 1.40111710e+00 2.33577053e-01 -5.86292848e-03 -1.39721255e+00 6.82836724e-01 1.83020125e-01 1.06892261e+00 -1.72421530e-01 -1.13980510e-01 -1.38583955e+00 3.90342304e-01 1.42320401e-01 -9.22413222e-01 -2.95176770e-01 4.41598584e-01 8.81291399e-01 3.73469900e-01 0.00000000e+00 0.00000000e+00 0.00000000e+00 8.84222048e-02 9.91895870e-01 1.30967680e+00 6.78696062e-01 1.60695851e-02 -1.08299422e+00 4.45502648e-01
 -1.47918401e+00 -2.25414013e+00 -1.32734392e+00 -1.23797805e+00 0.00000000e+00 0.00000000e+00 6.17818950e-01 1.49917157e-01 -6.60343546e-01 -1.59678369e+00 6.08728437e-01 3.31105290e-01 -1.58736082e+00 0.00000000e+00 -1.61263403e+00 -8.01314808e-01 0.00000000e+00 8.79371381e-02 -7.14873379e-02 -7.94938894e-01 5.00000000e+01 0.00000000e+00 1.54125075e+00 2.00954469e-01 4.19884280e-01 2.07849340e+00 -1.17616736e+00 -6.01947855e-01 1.41992860e+00 -1.90565015e-01 4.79620200e-01 -4.63511002e-02 1.00235422e+00 -1.01636453e+00 -4.82303036e-01 -1.05929422e+00 -2.18821093e-01 1.56340785e-01 -1.43538541e+00 1.18639641e+00 -7.88230059e-01 9.40259413e-02 -8.74968707e-01 -2.80842742e-01 -9.16822453e-01 6.31693584e-01 8.64633312e-01 1.43218497e+00 -1.78534263e-01 0.00000000e+00
 -1.79589809e-02 -8.50617328e-01 3.15430291e-01 1.51192592e+00 8.71592304e-01 2.41857615e-01 -7.16672739e-01 -2.06191373e-01 -4.60844669e-01 2.43392334e-01 2.11802003e-01 -1.13186022e-01 -1.29834198e+00 -1.04659768e-01 0.00000000e+00 6.56233222e-01 -1.33675519e-01 0.00000000e+00 0.00000000e+00 -3.48375915e-01 0.00000000e+00 4.91441065e+01 -1.17678167e+00 -4.02536006e-01 3.61912681e-01 8.66486459e-01 7.27621489e-01 0.00000000e+00 -5.27235532e-01 -1.72665758e+00 -1.13070586e+00 1.50472275e+00 0.00000000e+00 -8.82016033e-01 2.20984989e+00 5.27320211e-01 0.00000000e+00 5.32168388e-01 -5.83548462e-01 3.83806582e-01 -8.42755194e-02 9.39981971e-01 1.84376240e-01 -3.86706072e-01 4.82991164e-01 0.00000000e+00 7.50712240e-01 1.31091743e+00 6.07169588e-01 -2.82976098e+00
 1.33078111e-01 -5.61256727e-01 4.87839783e-01 -6.20241007e-01 -5.38084737e-01 -6.47696825e-01 1.02218383e+00 6.83017090e-01 -1.84734596e-01 -8.64768595e-01 1.04729695e+00 -1.77012040e+00 1.74406909e+00 2.26408739e+00 8.34220381e-01 3.87078186e-01 -5.90785905e-01 1.47594812e+00 5.31436192e-01 -1.44421801e+00 1.54125075e+00 -1.17678167e+00 4.95584227e+01 -1.54260922e+00 -3.67236435e-01 1.36998480e+00 1.76468172e-01 9.34405275e-01 -1.11728132e+00 -2.02508062e-02 -7.08598542e-01 -2.12990568e+00 -1.45502086e-01 -1.07545221e+00 -5.51832086e-01 6.52067185e-01 0.00000000e+00 -1.54320156e+00 5.60446802e-01 7.89470325e-01 -4.93261216e-01 1.92869541e+00 3.81385827e-01 -1.04411845e+00 1.37231719e+00 -9.94337061e-01 6.85251566e-01 -1.38686774e+00 1.15270923e-01 3.56911304e-01
 -2.31630006e-01 -1.50656534e+00 1.92700836e-01 1.82255736e+00 -1.06845818e+00 -1.18733240e+00 -1.34610299e+00 7.17518518e-01 9.60782958e-01 -1.26416779e+00 -9.08464536e-01 1.07686004e+00 2.46440810e-01 5.71242539e-01 -9.61372557e-01 -2.19282522e+00 6.54642506e-01 -7.85016445e-01 9.81682874e-01 1.40111710e+00 2.00954469e-01 -4.02536006e-01 -1.54260922e+00 5.03819605e+01 -6.71742183e-02 -6.44667696e-01 6.38473310e-01 1.76999514e-01 -1.00515710e+00 2.25692296e-02 -3.20423500e-01 4.99302334e-02 1.41960772e+00 0.00000000e+00 -9.33750842e-02 1.97976024e-01 6.40000856e-01 1.27952140e-01 -1.39501493e+00 -1.89082514e+00 0.00000000e+00 0.00000000e+00 5.73316805e-01 -1.38431683e+00 1.97487271e+00 -2.09067430e+00 -3.28481962e-01 1.22434662e+00 -3.75138799e-01 -1.31077540e+00
 6.90233919e-01 1.36625477e+00 1.30905359e-01 -2.16789878e+00 -8.43248319e-01 4.84830594e-01 1.34004082e+00 -4.24784897e-01 -2.74263944e-01 -7.08168088e-01 6.00366184e-02 2.29084835e-01 -6.61119942e-01 -3.70744957e-01 -8.43546681e-01 0.00000000e+00 3.06966721e-01 -9.62784675e-01 1.22039540e+00 2.33577053e-01 4.19884280e-01 3.61912681e-01 -3.67236435e-01 -6.71742183e-02 5.00000000e+01 2.14509278e+00 1.75145856e-01 9.15573663e-01 0.00000000e+00 0.00000000e+00 -1.23726554e-01 -9.30694432e-01 -2.43221077e-01 1.04844754e+00 4.77403180e-01 5.17427280e-01 2.80783077e+00 -1.46429035e+00 -1.92319152e-01 -4.60816056e-01 -1.14455602e+00 -8.51487856e-01 -1.01775960e-02 -1.61308795e+00 -6.87091745e-02 -9.17926974e-01 1.87404471e+00 2.06162826e+00 -1.56613402e-01 -5.23007804e-01
 4.19620405e-01 -6.02717223e-01 -1.64076177e+00 -5.60182592e-02 1.01067217e+00 0.00000000e+00 -4.60758107e-01 3.64052798e-01 -3.63900522e-01 -6.04171267e-01 1.11592317e+00 3.03514236e-01 5.63536690e-01 5.36908392e-01 -5.07349371e-01 -8.05211768e-01 4.23544015e-03 4.12553626e-01 1.46131912e+00 -5.86292848e-03 2.07849340e+00 8.66486459e-01 1.36998480e+00 -6.44667696e-01 2.14509278e+00 4.81189502e+01 7.16036542e-01 1.01686582e-01 -7.89803310e-01 -1.30161170e+00 -2.53032487e-01 -2.31344595e+00 -1.49630844e+00 4.22030874e-02 7.78421579e-01 -3.85460051e-01 0.00000000e+00 0.00000000e+00 7.58563535e-01 -1.90046461e+00 -1.45803420e+00 -6.92735441e-02 -4.85601602e-02 -1.69604288e-01 1.84078790e-01 1.27208881e+00 0.00000000e+00 -9.22036643e-01 1.23462716e-01 4.58892723e-01
 1.47592509e+00 -2.94816203e-01 0.00000000e+00 0.00000000e+00 -1.85381794e-01 -1.11730115e+00 -4.50093420e-02 6.27585210e-01 0.00000000e+00 -1.41441484e-01 3.11540734e-01 -1.97801661e-01 0.00000000e+00 6.52009661e-01 1.40551351e+00 -1.11874218e+00 -1.69182233e+00 -6.49599012e-01 -1.86785536e+00 -1.39721255e+00 -1.17616736e+00 7.27621489e-01 1.76468172e-01 6.38473310e-01 1.75145856e-01 7.16036542e-01 4.92313450e+01 -3.80161378e-01 -2.12787468e-01 -1.23980457e-01 3.30774700e-01 1.67933507e+00 5.21032238e-01 0.00000000e+00 0.00000000e+00 -2.45127275e-01 1.30079014e+00 -2.35188758e-03 -2.10257472e+00 -5.91115300e-01 -7.65300457e-02 7.67437749e-01 -4.29002916e-01 -1.37619258e+00 -6.18494410e-01 -7.70172978e-01 7.15098719e-01 -1.48743115e+00 6.00313473e-01 1.10535041e-01
 -7.84828584e-01 -7.46313337e-02 1.43884914e-01 -4.74701578e-01 -8.82137651e-01 -1.09892671e+00 9.25694589e-01 -4.88082859e-01 -9.42278923e-02 -2.80588969e-01 0.00000000e+00 9.49263261e-01 -1.93261582e+00 5.58222842e-01 -2.56718750e-02 -1.90626902e-01 0.00000000e+00 -1.99977557e+00 5.36489617e-01 6.82836724e-01 -6.01947855e-01 0.00000000e+00 9.34405275e-01 1.76999514e-01 9.15573663e-01 1.01686582e-01 -3.80161378e-01 5.00000000e+01 -2.40141503e+00 9.33795392e-01 3.78129756e-02 0.00000000e+00 -6.28285730e-01 9.65135042e-01 1.20967243e+00 8.99117695e-01 1.11226957e+00 1.19454145e+00 1.57898776e+00 1.35897338e+00 -2.39583189e-01 1.13361867e+00 1.12212491e+00 -5.52432077e-01 -2.86973090e-01 -4.12390921e-01 9.15105158e-01 1.29956212e+00 -7.83639029e-02 6.44838699e-01
 3.96008902e-01 7.74963200e-01 -1.24060560e+00 8.34023243e-02 1.70223879e+00 2.12054258e+00 3.15949031e-01 3.40601711e-01 -3.90271488e-02 4.93301948e-01 -1.31420314e+00 -4.82537363e-01 -1.03576981e+00 -3.31193656e-01 -9.36764766e-01 -6.82456692e-01 -7.07744134e-01 -1.19499009e+00 2.07070618e+00 1.83020125e-01 1.41992860e+00 -5.27235532e-01 -1.11728132e+00 -1.00515710e+00 0.00000000e+00 -7.89803310e-01 -2.12787468e-01 -2.40141503e+00 5.03084795e+01 2.86286889e-02 7.95911028e-01 4.68089844e-01 -5.83190902e-01 1.00615196e+00 9.14705592e-01 1.68011965e+00 2.16945757e+00 -1.31649364e-01 -4.77676225e-02 -4.76759716e-01 3.36590320e-01 4.54113818e-01 -2.65910821e+00 1.04229478e+00 -4.38310758e-01 -1.97321409e+00 0.00000000e+00 1.73711006e+00 -1.81388119e+00 0.00000000e+00
 8.17635307e-01 2.79985042e-01 -1.04970219e+00 2.16480866e-01 1.67302375e+00 3.78197858e-01 -1.22635985e-01 1.88756432e+00 -5.15215673e-01 -7.07129815e-01 -7.63284062e-01 9.18059824e-01 0.00000000e+00 0.00000000e+00 -8.12700962e-02 -5.67110611e-02 -1.19347164e+00 1.12317337e+00 7.38421407e-01 1.06892261e+00 -1.90565015e-01 -1.72665758e+00 -2.02508062e-02 2.25692296e-02 0.00000000e+00 -1.30161170e+00 -1.23980457e-01 9.33795392e-01 2.86286889e-02 4.75361167e+01 2.48923828e-01 1.02251499e+00 1.66741723e+00 3.73159512e-01 3.79033125e-01 -1.20059172e-01 6.30560323e-01 -4.93070945e-01 1.90268216e-01 -1.09492878e-01 -8.26375512e-01 4.87549246e-01 1.01137342e+00 9.66045241e-02 4.44681664e-01 -8.55767885e-01 7.03844939e-01 -5.14602583e-01 1.16837181e+00 -2.27626689e+00
 -5.42410671e-01 8.76880200e-01 -5.72160040e-01 -6.37040000e-02 0.00000000e+00 1.28154304e-01 3.56377874e-02 9.06270931e-01 0.00000000e+00 1.88052770e+00 9.18176421e-01 -1.79900852e+00 3.81049660e-01 0.00000000e+00 -3.37531797e-01 -6.58680478e-01 1.53255648e+00 4.08008595e-02 7.60906846e-01 -1.72421530e-01 4.79620200e-01 -1.13070586e+00 -7.08598542e-01 -3.20423500e-01 -1.23726554e-01 -2.53032487e-01 3.30774700e-01 3.78129756e-02 7.95911028e-01 2.48923828e-01 5.00000000e+01 -6.46971223e-01 -8.72649060e-01 8.14835106e-01 7.82547059e-01 -2.17486573e-01 -8.40216207e-02 2.28160841e-01 -1.80277859e+00 -1.33377740e+00 0.00000000e+00 -2.72245125e-01 -2.28503903e-01 2.35229055e+00 2.91162572e-01 1.05073428e+00 -1.38910255e+00 -4.03065984e-02 -9.65955543e-02 -1.34534754e-01
 -1.72964821e+00 0.00000000e+00 -1.24959020e+00 0.00000000e+00 3.87450714e-01 -1.37528530e-01 1.29844770e+00 1.53765149e+00 1.35085691e+00 -2.11035363e+00 -1.80445817e-01 1.29490209e-01 1.40352605e+00 -4.29804643e-01 -1.78070906e-01 -7.84104237e-01 -1.31139423e+00 2.03936595e+00 -9.31078580e-01 -1.13980510e-01 -4.63511002e-02 1.50472275e+00 -2.12990568e+00 4.99302334e-02 -9.30694432e-01 -2.31344595e+00 1.67933507e+00 0.00000000e+00 4.68089844e-01 1.02251499e+00 -6.46971223e-01 5.00000000e+01 7.98259093e-01 -1.44443668e+00 6.42775546e-01 5.92565032e-01 2.29104744e-01 0.00000000e+00 -1.28388305e+00 9.61502593e-01 -8.93254561e-01 3.87591931e-01 -5.46736225e-02 -1.40792261e+00 -2.12421058e-01 0.00000000e+00 1.78363938e+00 1.31536028e+00 -1.08050700e-01 -2.41681774e+00
 1.09925975e+00 9.84548376e-01 3.86055507e-01 3.09640712e-01 7.31386225e-01 4.77882114e-02 -1.29992791e-01 -1.23964147e+00 -1.92409620e+00 -9.30430134e-01 1.31146127e+00 0.00000000e+00 1.53865777e+00 -2.97639312e-01 -7.79286299e-01 -1.55499971e+00 0.00000000e+00 -7.54060416e-01 1.42654666e+00 -1.38583955e+00 1.00235422e+00 0.00000000e+00 -1.45502086e-01 1.41960772e+00 -2.43221077e-01 -1.49630844e+00 5.21032238e-01 -6.28285730e-01 -5.83190902e-01 1.66741723e+00 -8.72649060e-01 7.98259093e-01 5.16168955e+01 -1.60127749e+00 -9.56007906e-01 0.00000000e+00 -2.13890888e-01 -9.96299146e-02 -3.56669537e-01 -1.14905958e+00 0.00000000e+00 -9.26364121e-01 6.80508172e-01 -1.97259449e+00 6.95159132e-01 -1.45220927e+00 0.00000000e+00 2.41204706e+00 2.42680264e-01 6.31251304e-01
 8.00797485e-01 1.27507751e+00 2.28530115e-02 -5.66002324e-01 -3.96642936e-01 0.00000000e+00 1.85815380e+00 -9.03301305e-01 -4.35125366e-01 1.18289263e+00 3.04336028e-01 3.79647654e-01 -2.10993463e+00 -5.71877784e-01 9.11990624e-01 0.00000000e+00 3.84212453e-01 -9.28916970e-02 -2.31582929e-01 3.90342304e-01 -1.01636453e+00 -8.82016033e-01 -1.07545221e+00 0.00000000e+00 1.04844754e+00 4.22030874e-02 0.00000000e+00 9.65135042e-01 1.00615196e+00 3.73159512e-01 8.14835106e-01 -1.44443668e+00 -1.60127749e+00 4.95521937e+01 0.00000000e+00 4.20793417e-01 3.64586727e-02 7.09935192e-01 4.49849101e-01 -6.99894112e-01 1.31983334e+00 1.89916936e+00 -9.69298431e-01 -2.31057196e+00 0.00000000e+00 -1.18685460e+00 -3.87772103e-01 0.00000000e+00 -2.90865140e-01 -2.39982042e-01
 0.00000000e+00 1.53307514e+00 6.22845922e-01 7.22679040e-01 1.72590052e+00 5.03175115e-01 0.00000000e+00 6.06367231e-01 -1.52410527e+00 -1.39265131e+00 -9.62604941e-01 0.00000000e+00 1.72484663e+00 3.98758685e-01 -4.18212215e-01 3.37961500e-01 -2.35460290e+00 7.70511272e-01 -7.45530956e-01 1.42320401e-01 -4.82303036e-01 2.20984989e+00 -5.51832086e-01 -9.33750842e-02 4.77403180e-01 7.78421579e-01 0.00000000e+00 1.20967243e+00 9.14705592e-01 3.79033125e-01 7.82547059e-01 6.42775546e-01 -9.56007906e-01 0.00000000e+00 5.06660527e+01 -4.81700761e-01 1.47969049e+00 0.00000000e+00 -1.52364294e+00 -1.40672812e+00 -2.02200270e+00 0.00000000e+00 0.00000000e+00 3.38088200e-02 4.09279071e-01 5.60700387e-04 -8.51595285e-01 0.00000000e+00 -1.36446178e-01 2.18265538e-01
 2.80581530e-01 -3.54474115e-01 -1.18693665e+00 8.76647249e-01 -1.33553482e+00 -3.70384186e-01 0.00000000e+00 -1.00178673e-01 2.49830602e-01 0.00000000e+00 -9.23743139e-01 -1.37156146e+00 -3.41055320e-01 -1.85013088e-01 3.29939999e-01 -7.30870835e-01 -7.16287571e-01 5.17839049e-01 7.45725604e-01 -9.22413222e-01 -1.05929422e+00 5.27320211e-01 6.52067185e-01 1.97976024e-01 5.17427280e-01 -3.85460051e-01 -2.45127275e-01 8.99117695e-01 1.68011965e+00 -1.20059172e-01 -2.17486573e-01 5.92565032e-01 0.00000000e+00 4.20793417e-01 -4.81700761e-01 5.00000000e+01 -3.71869390e-01 -1.66235751e+00 8.33397802e-01 -8.83882562e-01 3.41923465e-01 0.00000000e+00 2.58312175e-01 7.35536239e-01 -1.67000657e+00 -6.45545258e-01 5.97399306e-01 2.10990869e+00 1.36077072e+00 4.62619150e-01
 1.28862797e+00 7.29829682e-01 -3.51767822e-01 8.75821116e-01 3.99124976e-02 -1.22721345e-01 -5.78578518e-01 -5.48859387e-01 -8.75329836e-01 -2.07323558e+00 -5.49797194e-01 5.49416967e-01 1.33987961e+00 -8.74398788e-01 1.89708057e+00 1.35739719e+00 4.58167901e-02 -4.38267867e-01 0.00000000e+00 -2.95176770e-01 -2.18821093e-01 0.00000000e+00 0.00000000e+00 6.40000856e-01 2.80783077e+00 0.00000000e+00 1.30079014e+00 1.11226957e+00 2.16945757e+00 6.30560323e-01 -8.40216207e-02 2.29104744e-01 -2.13890888e-01 3.64586727e-02 1.47969049e+00 -3.71869390e-01 5.00000000e+01 -9.87990096e-01 1.17717535e+00 1.31077170e+00 -8.06079452e-02 5.97413793e-01 0.00000000e+00 -1.65404693e+00 3.89275394e-01 -1.04020858e+00 -4.96679895e-01 0.00000000e+00 -8.30314300e-01 -1.55505192e+00
 6.93815268e-01 -4.99409594e-01 -3.03042921e-01 0.00000000e+00 7.20108313e-02 -1.19956599e+00 0.00000000e+00 1.61917047e+00 -1.79420407e-01 2.85055292e-01 1.97518721e+00 1.54992403e+00 1.76005618e+00 1.43123112e+00 1.82525346e+00 2.25765710e+00 1.13350993e-01 1.29578638e+00 -1.43321369e+00 4.41598584e-01 1.56340785e-01 5.32168388e-01 -1.54320156e+00 1.27952140e-01 -1.46429035e+00 0.00000000e+00 -2.35188758e-03 1.19454145e+00 -1.31649364e-01 -4.93070945e-01 2.28160841e-01 0.00000000e+00 -9.96299146e-02 7.09935192e-01 0.00000000e+00 -1.66235751e+00 -9.87990096e-01 5.19564455e+01 2.55360354e-02 3.94153831e-01 0.00000000e+00 -7.50787691e-01 2.51534713e-01 1.36692467e-01 6.83475233e-01 -1.27726591e+00 -2.53619422e-01 -1.47867292e+00 4.99185088e-01 -5.76954414e-01
 9.32710070e-01 1.36191418e+00 1.11164954e+00 0.00000000e+00 -1.90523513e+00 8.79117713e-01 -3.10344231e-01 5.42920126e-01 0.00000000e+00 -4.14164606e-01 -1.03031824e+00 -4.64972217e-01 -2.67654351e-01 1.56405772e+00 -4.47697253e-01 1.24622876e+00 1.23164560e+00 5.20926864e-02 -1.40940256e+00 8.81291399e-01 -1.43538541e+00 -5.83548462e-01 5.60446802e-01 -1.39501493e+00 -1.92319152e-01 7.58563535e-01 -2.10257472e+00 1.57898776e+00 -4.77676225e-02 1.90268216e-01 -1.80277859e+00 -1.28388305e+00 -3.56669537e-01 4.49849101e-01 -1.52364294e+00 8.33397802e-01 1.17717535e+00 2.55360354e-02 4.89219692e+01 -3.35779380e-01 0.00000000e+00 -1.14879823e+00 -1.11393906e+00 1.53588965e+00 0.00000000e+00 -1.02988540e-01 -3.15787232e-01 1.87804708e+00 1.38166109e+00 -1.11114339e+00
 -2.00402014e-01 -1.04172335e+00 -1.03030070e+00 1.30834154e+00 0.00000000e+00 1.45684390e-01 1.04198525e+00 -2.43017258e-01 -1.14257827e+00 3.58150183e-01 4.28438164e-01 1.64587253e-01 0.00000000e+00 -2.16627325e-01 1.26607335e+00 8.86857527e-01 3.20215272e-01 1.62980632e-01 -1.50555374e+00 3.73469900e-01 1.18639641e+00 3.83806582e-01 7.89470325e-01 -1.89082514e+00 -4.60816056e-01 -1.90046461e+00 -5.91115300e-01 1.35897338e+00 -4.76759716e-01 -1.09492878e-01 -1.33377740e+00 9.61502593e-01 -1.14905958e+00 -6.99894112e-01 -1.40672812e+00 -8.83882562e-01 1.31077170e+00 3.94153831e-01 -3.35779380e-01 5.20602076e+01 -8.31526325e-01 -2.43830036e-01 9.46381016e-01 7.45308527e-01 8.83866641e-01 1.25693691e-02 3.24201489e-01 5.21592605e-01 -9.95142953e-02 -7.93802696e-01
 -5.37489364e-01 1.21083153e+00 -8.65906115e-01 1.58077960e+00 3.22031676e-01 9.87472772e-01 -2.32418878e-01 3.57995103e-01 -1.31916889e+00 8.98356086e-01 1.65283815e-01 0.00000000e+00 -2.26988323e-01 7.68802271e-02 0.00000000e+00 -1.93811922e-02 -1.72052883e+00 1.27722127e+00 8.44469609e-01 0.00000000e+00 -7.88230059e-01 -8.42755194e-02 -4.93261216e-01 0.00000000e+00 -1.14455602e+00 -1.45803420e+00 -7.65300457e-02 -2.39583189e-01 3.36590320e-01 -8.26375512e-01 0.00000000e+00 -8.93254561e-01 0.00000000e+00 1.31983334e+00 -2.02200270e+00 3.41923465e-01 -8.06079452e-02 0.00000000e+00 0.00000000e+00 -8.31526325e-01 4.93254795e+01 2.07016364e-01 -3.69968569e-01 2.03527120e-01 2.42202809e-01 6.56347061e-01 0.00000000e+00 -1.40345974e-01 -2.88781220e-01 1.37477549e+00
 1.21742652e+00 2.27594137e-02 -1.88007651e+00 6.33728646e-01 0.00000000e+00 -1.14149210e+00 1.75090265e+00 6.23104566e-02 -1.08897068e+00 0.00000000e+00 -1.05458639e+00 0.00000000e+00 4.34288284e-01 -5.30313959e-01 -2.75615601e-02 4.04126985e-01 -1.67447232e+00 -1.76298111e+00 1.30853582e-02 0.00000000e+00 9.40259413e-02 9.39981971e-01 1.92869541e+00 0.00000000e+00 -8.51487856e-01 -6.92735441e-02 7.67437749e-01 1.13361867e+00 4.54113818e-01 4.87549246e-01 -2.72245125e-01 3.87591931e-01 -9.26364121e-01 1.89916936e+00 0.00000000e+00 0.00000000e+00 5.97413793e-01 -7.50787691e-01 -1.14879823e+00 -2.43830036e-01 2.07016364e-01 5.00000000e+01 1.63963160e+00 5.79478418e-01 -1.49888892e-01 1.02831252e+00 -1.19907941e+00 -9.74935857e-02 1.50127416e+00 -3.73204466e-01
 3.83257845e-01 4.96441417e-01 1.26150297e+00 -3.66821808e-01 -2.57567828e-01 2.57010068e-03 7.11644933e-01 -8.39902916e-01 1.13065707e-01 -1.28053656e+00 -1.98587834e+00 8.32654771e-01 -1.20028127e+00 1.50575272e+00 -4.22287710e-01 8.05358225e-01 -2.18936687e+00 1.27249844e-01 1.17425447e+00 0.00000000e+00 -8.74968707e-01 1.84376240e-01 3.81385827e-01 5.73316805e-01 -1.01775960e-02 -4.85601602e-02 -4.29002916e-01 1.12212491e+00 -2.65910821e+00 1.01137342e+00 -2.28503903e-01 -5.46736225e-02 6.80508172e-01 -9.69298431e-01 0.00000000e+00 2.58312175e-01 0.00000000e+00 2.51534713e-01 -1.11393906e+00 9.46381016e-01 -3.69968569e-01 1.63963160e+00 4.84333017e+01 4.64787811e-01 -1.96076859e-01 0.00000000e+00 -2.03534624e+00 2.92968867e-02 -1.49744151e+00 5.43471666e-01
 6.33388101e-01 -5.03087019e-01 8.87378933e-01 -5.46814644e-01 -2.14103034e+00 4.05683048e-01 2.51906545e-01 -6.46721240e-01 7.87257784e-01 1.00078795e+00 5.01168072e-01 3.34127663e-01 -5.66183154e-01 1.68136605e+00 -1.00056638e+00 0.00000000e+00 5.20328780e-01 9.03407913e-01 1.30830534e+00 8.84222048e-02 -2.80842742e-01 -3.86706072e-01 -1.04411845e+00 -1.38431683e+00 -1.61308795e+00 -1.69604288e-01 -1.37619258e+00 -5.52432077e-01 1.04229478e+00 9.66045241e-02 2.35229055e+00 -1.40792261e+00 -1.97259449e+00 -2.31057196e+00 3.38088200e-02 7.35536239e-01 -1.65404693e+00 1.36692467e-01 1.53588965e+00 7.45308527e-01 2.03527120e-01 5.79478418e-01 4.64787811e-01 5.00000000e+01 -2.64830093e-01 9.93987432e-01 6.84464673e-01 5.48254680e-01 -1.94363379e-01 -2.73909850e-01
 2.23310197e-01 -1.09656101e+00 4.55973796e-01 -5.72143783e-02 4.07988450e-01 3.09372642e-01 6.37438753e-01 6.34071722e-01 2.14058135e-02 -3.48338595e-02 7.67280685e-01 -4.98166287e-01 1.11374081e-01 -1.85112911e-01 -8.96956007e-01 0.00000000e+00 2.23280393e-01 0.00000000e+00 6.57767708e-01 9.91895870e-01 -9.16822453e-01 4.82991164e-01 1.37231719e+00 1.97487271e+00 -6.87091745e-02 1.84078790e-01 -6.18494410e-01 -2.86973090e-01 -4.38310758e-01 4.44681664e-01 2.91162572e-01 -2.12421058e-01 6.95159132e-01 0.00000000e+00 4.09279071e-01 -1.67000657e+00 3.89275394e-01 6.83475233e-01 0.00000000e+00 8.83866641e-01 2.42202809e-01 -1.49888892e-01 -1.96076859e-01 -2.64830093e-01 5.00000000e+01 3.75213815e-01 -1.75148887e-01 4.72168152e-01 -2.03285481e+00 -2.36922723e+00
 8.37095449e-01 3.01922055e-01 1.39800278e+00 0.00000000e+00 -1.01565900e-01 6.13574884e-01 0.00000000e+00 -3.84729659e-01 1.45316081e+00 1.78572239e-01 2.32851712e-01 -1.08444334e-01 -3.31121468e-02 -8.59139287e-01 -1.84398839e-01 8.71325626e-01 3.90686551e-01 6.99394067e-01 1.86380024e+00 1.30967680e+00 6.31693584e-01 0.00000000e+00 -9.94337061e-01 -2.09067430e+00 -9.17926974e-01 1.27208881e+00 -7.70172978e-01 -4.12390921e-01 -1.97321409e+00 -8.55767885e-01 1.05073428e+00 0.00000000e+00 -1.45220927e+00 -1.18685460e+00 5.60700387e-04 -6.45545258e-01 -1.04020858e+00 -1.27726591e+00 -1.02988540e-01 1.25693691e-02 6.56347061e-01 1.02831252e+00 0.00000000e+00 9.93987432e-01 3.75213815e-01 4.77766272e+01 -2.10061715e-01 2.26689513e+00 1.10018953e+00 1.34082011e-01
 3.12650977e-01 1.76507569e+00 3.03513507e-02 1.18081997e+00 8.06962544e-01 -5.82191663e-02 2.29354482e-01 0.00000000e+00 -4.86255063e-01 1.29915430e+00 1.98270796e+00 -8.53806070e-01 0.00000000e+00 0.00000000e+00 -4.70866103e-01 6.17640738e-01 -1.11372456e+00 1.65379831e+00 3.88507134e-02 6.78696062e-01 8.64633312e-01 7.50712240e-01 6.85251566e-01 -3.28481962e-01 1.87404471e+00 0.00000000e+00 7.15098719e-01 9.15105158e-01 0.00000000e+00 7.03844939e-01 -1.38910255e+00 1.78363938e+00 0.00000000e+00 -3.87772103e-01 -8.51595285e-01 5.97399306e-01 -4.96679895e-01 -2.53619422e-01 -3.15787232e-01 3.24201489e-01 0.00000000e+00 -1.19907941e+00 -2.03534624e+00 6.84464673e-01 -1.75148887e-01 -2.10061715e-01 4.97241283e+01 -2.40533521e-01 6.64207115e-01 0.00000000e+00
 -5.92732184e-02 6.08404698e-01 -1.34459988e-01 -1.26353209e-02 8.87683244e-01 5.71754022e-01 1.91765226e+00 3.79675515e-01 2.99898163e-01 -4.98355352e-01 6.96418317e-01 -2.33021805e+00 -1.27129643e+00 0.00000000e+00 -6.26207053e-01 -1.26760843e+00 4.37266833e-01 0.00000000e+00 1.69525197e+00 1.60695851e-02 1.43218497e+00 1.31091743e+00 -1.38686774e+00 1.22434662e+00 2.06162826e+00 -9.22036643e-01 -1.48743115e+00 1.29956212e+00 1.73711006e+00 -5.14602583e-01 -4.03065984e-02 1.31536028e+00 2.41204706e+00 0.00000000e+00 0.00000000e+00 2.10990869e+00 0.00000000e+00 -1.47867292e+00 1.87804708e+00 5.21592605e-01 -1.40345974e-01 -9.74935857e-02 2.92968867e-02 5.48254680e-01 4.72168152e-01 2.26689513e+00 -2.40533521e-01 5.13797230e+01 -6.33215959e-01 4.42704545e-01
 2.48290930e-02 -6.26969065e-01 -5.46553147e-01 -1.65990324e+00 -1.59595906e+00 6.67399888e-01 0.00000000e+00 -1.04920308e+00 9.62911312e-01 -8.70653544e-01 3.81620480e-01 4.26792528e-01 9.08219371e-01 -1.35942253e+00 4.55875092e-01 8.70155949e-01 1.01443623e+00 1.41818898e+00 -1.40663567e+00 -1.08299422e+00 -1.78534263e-01 6.07169588e-01 1.15270923e-01 -3.75138799e-01 -1.56613402e-01 1.23462716e-01 6.00313473e-01 -7.83639029e-02 -1.81388119e+00 1.16837181e+00 -9.65955543e-02 -1.08050700e-01 2.42680264e-01 -2.90865140e-01 -1.36446178e-01 1.36077072e+00 -8.30314300e-01 4.99185088e-01 1.38166109e+00 -9.95142953e-02 -2.88781220e-01 1.50127416e+00 -1.49744151e+00 -1.94363379e-01 -2.03285481e+00 1.10018953e+00 6.64207115e-01 -6.33215959e-01 4.78773141e+01 -2.06538441e+00
 4.16350806e-03 -5.71398206e-01 1.76528958e-01 -3.16933241e-02 2.11472112e-01 -5.73910216e-01 1.80758682e+00 3.30557836e-01 -4.21382405e-01 -1.63934332e-01 1.26092520e+00 -1.29016244e-01 -7.30780142e-01 -7.34303749e-02 -3.21131894e-01 -1.39663017e+00 5.44320283e-01 -4.12725298e-01 -2.57705822e-01 4.45502648e-01 0.00000000e+00 -2.82976098e+00 3.56911304e-01 -1.31077540e+00 -5.23007804e-01 4.58892723e-01 1.10535041e-01 6.44838699e-01 0.00000000e+00 -2.27626689e+00 -1.34534754e-01 -2.41681774e+00 6.31251304e-01 -2.39982042e-01 2.18265538e-01 4.62619150e-01 -1.55505192e+00 -5.76954414e-01 -1.11114339e+00 -7.93802696e-01 1.37477549e+00 -3.73204466e-01 5.43471666e-01 -2.73909850e-01 -2.36922723e+00 1.34082011e-01 0.00000000e+00 4.42704545e-01 -2.06538441e+00 5.00000000e+01
